,roll,pitch,yaw,roll,pitch,yaw,roll,pitch,yaw,roll,pitch,yaw,roll,pitch,yaw,roll,pitch,yaw
0,-1.670334270913276,0.04414226336184998,-0.12960723865487872,-1.728648302028023,-0.02700080911848599,-0.10153766546147316,-1.662274889692667,0.0652915748442654,-0.15984649398945483,-1.5958709909564834,-0.05657899064427989,-0.10876124940559137,1.6338140034719468,0.07099164912383897,-0.028148533445914278,1.6162648703640954,0.014657046068274357,-0.09739787800660171
1,-3.3288547138080937,0.12343938296099273,-0.21700454940952107,-3.502644551344878,-0.08215430825759437,-0.28540483360830815,-3.274498184609448,0.04989603311071344,-0.09208840040194448,-3.2214463915255003,-0.037024422288594226,-0.16311374948680227,3.2951695386981106,0.17565187517485775,-0.05889390764591958,3.1993098580223185,0.044477318973972724,-0.029836469824817146
2,-4.96898005649194,0.2042978630256386,-0.3123109980340546,-5.168234319045394,-0.12604478345895123,-0.31398963274170677,-4.911141994991827,0.05566464889890696,-0.1573581555960249,-4.827436706669333,-0.002513488932736303,-0.28368439526901734,4.926709169711041,0.1712905796782508,-0.04996750645820381,4.796521762833212,-0.016485128102680706,-0.11187614990040981
3,-6.577679759232415,0.2716318342975172,-0.38400186325500496,-6.898997392891016,-0.17042411839769803,-0.39933526242504486,-6.551154678546819,0.09766761382237067,-0.13610185349248693,-6.415519350435302,0.06334421198763152,-0.48926262573830953,6.510906240134267,0.22873646997350705,0.0033967669094352028,6.397117493725059,-0.08514965730812694,-0.24251831762162684
4,-8.28667787010727,0.3006648181957021,-0.264285118550231,-8.641686060728306,-0.24166379626737958,-0.27794949790052537,-8.151599660656773,0.10637396018586248,-0.07842558548903128,-8.027717780081378,0.13474710050021863,-0.4630449332417943,8.129279893424362,0.23995837137275827,0.06955091284303404,8.014259174232265,-0.10120548891787298,-0.3173223087924364
5,-9.973056571698708,0.32966264317073973,-0.1845972913664799,-10.3924174456878,-0.31340110972015944,-0.22481463797198542,-9.728413665535943,0.1516569364870507,0.07993096182324805,-9.595600942708387,0.18285983076179,-0.5405518848053126,9.753890676418441,0.192964818255317,0.15423804656103313,9.644247807197825,-0.1665599920734819,-0.41824416031554423
6,-11.702942221059738,0.27143371908577546,0.024554712873331632,-12.147838791797072,-0.3494068669650596,-0.06548150018641181,-11.296356168932784,0.1692973275094691,0.18170615513079344,-11.176176309053844,0.23533680376947608,-0.6049482156950922,11.362923659616856,0.14646792169580902,0.26249265003979655,11.275444859791875,-0.2188844134561143,-0.4838177667491612
7,-13.34950049282434,0.19725590879405863,0.24823645893149274,-13.83165091462542,-0.3697455963498397,0.10271568080017256,-12.89122079692435,0.17692757954266675,0.2582987494659202,-12.757733568448147,0.2706864727830776,-0.6335698953992227,12.945440886333289,0.11803559127593972,0.3309572983582473,12.887198345250873,-0.23806542583346602,-0.5938473695418497
8,-14.920537541323855,0.09692516042279699,0.45620793195026366,-15.512528282289987,-0.34237295057736306,0.28146188333965566,-14.414625770414492,0.1689817343107573,0.46497515247581145,-14.328066169033853,0.3584603279534902,-0.8024901829628635,14.520209428081706,0.06852057667059344,0.4408066412347314,14.514553750176992,-0.2893249025092922,-0.6931190154032655
9,-16.51952897545905,-0.04600159222461464,0.6409319186388791,-17.173726322107257,-0.25874614256170214,0.46672408397825565,-15.99783884396196,0.14426168834877193,0.5442202436731077,-15.916249480262824,0.39171196414867504,-0.8164597650310292,16.103417002348344,0.023946651966219132,0.5304528706242428,16.10911553869794,-0.29810381213636683,-0.773586922855327
10,-18.10716263302338,-0.2076868821190048,0.852663240887566,-18.82745952840235,-0.1925383829914053,0.648133674652209,-17.538567399866896,0.12631333110432075,0.6228311705136031,-17.454291679360566,0.5099375694837304,-0.9801294934120476,17.691851298364377,-0.08973515442767338,0.5952763278333059,17.720604508306018,-0.3603312555854439,-0.8685900693252726
11,-19.672534653773422,-0.3612602887117878,1.0915347318613469,-20.45106698290978,-0.14486301437687624,0.8329202625165277,-19.10219912928066,0.1295865206506195,0.708117678933878,-19.00348186824947,0.5146961149625482,-1.0343824503569135,19.248182729005215,-0.11736462650950766,0.6811250744707354,19.31338213799779,-0.4141459204672995,-0.9658544078489643
12,-21.26371866569667,-0.5368276448478877,1.3160618741780525,-22.00479529744808,-0.07526661348168169,1.0401288869489982,-20.653434865933637,0.09321684965513802,0.7385037033676977,-20.51578521111573,0.6077371371159138,-1.2142376540759845,20.80443330459176,-0.1887609878961329,0.699546681586642,20.90019460329256,-0.44044362658370784,-0.9733663920249823
13,-22.867963495441646,-0.6907959235376053,1.572057787314608,-23.503732643589586,-0.029160823832777943,1.1963348937669405,-22.193028440962706,0.12149336936129974,0.7684232390317878,-22.031213388797703,0.6413196380322894,-1.3123163035414869,22.35498286800814,-0.20256250082907584,0.7171157118708517,22.4893264660439,-0.4388327125429951,-0.9847946705550994
14,-24.45240187235696,-0.8232739209551234,1.7113528975568102,-24.964374171865476,0.011994747570207421,1.3166691338714807,-23.740863583720046,0.08916927005867152,0.7771093646552718,-23.51883496354158,0.6673892818867255,-1.4367839335300594,23.88421845352539,-0.23784953574403048,0.7307662940829696,24.04631095042068,-0.4548032137235285,-1.0431123769139927
15,-26.04609263661139,-0.988029813804112,1.8326610486779475,-26.433629473629743,0.12941208738373264,1.4296718000672222,-25.28169101985371,0.09428566554800168,0.8797815584668053,-25.01570657369121,0.7292539839555852,-1.5327128673991668,25.425764348501243,-0.2824280330353664,0.7985302461751058,25.591588920204256,-0.46479975014099995,-1.113870473278633
16,-27.648747633925943,-1.1593507641211327,1.9775483661943627,-27.92763099640472,0.23087628395904725,1.5344884421396037,-26.832213785067676,0.08497982533654462,0.9022830160290277,-26.52625531573753,0.795137082011691,-1.6409352309425096,26.967740863737866,-0.2944134852307756,0.7946957787988339,27.127073873872604,-0.4441778300196544,-1.1282152538024917
17,-29.24633828681973,-1.33174735745025,2.092445042345594,-29.434278056822603,0.31952915285876915,1.6007153338242932,-28.383080982917782,0.11928953176783905,0.8785631881392079,-27.98794758501166,0.8585610772399773,-1.8315922036074623,28.497329829948363,-0.28296584630564636,0.7811580831031761,28.637273371170657,-0.453738842475722,-1.1403158122960793
18,-30.78059940743774,-1.5194994071136227,2.136687073624365,-30.903834709389898,0.46035417049300853,1.6486884488167717,-29.919233425442602,0.16199887303196273,0.9200242325758878,-29.45137909140266,1.0653610100075799,-2.084627004176946,30.024848241654784,-0.29170374865115234,0.7872937079783778,30.145899279703215,-0.4798204833162917,-1.198513981166175
19,-32.264886668615944,-1.6553399828113362,2.1899524819828695,-32.37528780306121,0.531625670844757,1.7118642923064378,-31.440210586163303,0.17835259489959074,0.9555755605865085,-30.908859401450048,1.1373859071626955,-2.1567633910286768,31.519542235490547,-0.3621494077849505,0.8894820594994822,31.648945850133533,-0.5572340564379491,-1.3453841325360774
20,-33.80180537777588,-1.777666503262569,2.2308187554749646,-33.90540571889831,0.5891784010045418,1.761181929751367,-32.91549503305763,0.1985091027189705,1.0018237170197792,-32.37526128543735,1.2136142872684312,-2.2138659042619917,33.0121684831568,-0.3755017339819904,0.8977574523475628,33.14276484544794,-0.579533796742003,-1.3633263721393765
21,-35.36164588790568,-1.8213330331900084,2.2974278951333313,-35.43803672415041,0.5809534608230098,1.8357255854410892,-34.3969473803667,0.160940353377533,1.0827518340809834,-33.809948522155224,1.2995294151310013,-2.3086046323826395,34.470338415406914,-0.42043875663133246,0.9710000950447579,34.62489132048778,-0.6294552587663007,-1.4373927290983417
22,-36.944787560755,-1.8492741515654165,2.2976128612222566,-36.993374391031146,0.5883502660508392,1.7800324770650655,-35.84641688772771,0.19049676052865017,1.143995609214282,-35.21442689847256,1.3658561759083885,-2.361067199525607,35.941177649454154,-0.4395788412094131,0.9947312018695343,36.108895714953256,-0.7081297635581792,-1.5023982305038734
23,-38.53398748194106,-1.8792375441414455,2.2942360267869453,-38.49364375692463,0.5999227624156606,1.8066848813153462,-37.304644497991355,0.1673681542065523,1.219327466626732,-36.620441268551346,1.4753034559134892,-2.419796130638699,37.393259240581074,-0.5176969437687444,1.057161487554028,37.55192635285436,-0.743146065328932,-1.5351319479065182
24,-40.07656782278165,-1.9119276309824518,2.2259501583547663,-39.98035728754576,0.637566179812413,1.7757343926439986,-38.76887057196234,0.18295018829982648,1.2393159121130435,-38.03726898698511,1.5126841323390974,-2.4479311837564137,38.840571851511775,-0.5392973624330619,1.0761921610531135,39.00871979621819,-0.8406603718012065,-1.6182651218344288
25,-41.571740657915065,-1.927494089476836,2.1480833370372943,-41.455915939621995,0.6820738180433572,1.6770500623753488,-40.213342680328644,0.18485838279777989,1.275283202975267,-39.477295636919315,1.653219385936907,-2.4945777512850893,40.293371647388554,-0.5590194740036039,1.113470724073697,40.42617160211384,-0.8742692129299742,-1.640519431370123
26,-43.052087574795124,-1.9325619013625666,2.0167588845406077,-42.900847756634526,0.7273514043823948,1.569697154939418,-41.68747940335571,0.24003187671003268,1.2376602128034864,-40.88036189026266,1.7955733285602828,-2.5938792266086494,41.74060521527977,-0.5925868758611357,1.11077348911069,41.83799812793017,-0.9360067338732843,-1.699295402308062
27,-44.5049636321147,-1.9742505097850833,1.888912777094432,-44.31816708643354,0.8020555578815443,1.4585161246966205,-43.13193433039249,0.24518275062310124,1.2700107085084962,-42.3203105509874,1.9524465599133312,-2.66034823381256,43.18523270057424,-0.6290860638755549,1.1516600085952,43.22277981010751,-0.9828208615345365,-1.734774768547204
28,-45.94314182629478,-1.9955580569524185,1.773846877034536,-45.75127851789115,0.8203211858363417,1.3544751020487147,-44.61540701931021,0.30063552107967023,1.2135513762765529,-43.72136527212332,1.9992212163492993,-2.680132745918993,44.631462179980424,-0.5885457717723982,1.1297324147889583,44.60253803481113,-1.044022818059096,-1.7912264873572463
29,-47.400424659118826,-2.0283123494522375,1.676948001548059,-47.16778155007304,0.8518872580710166,1.2883367891557236,-46.00449304543186,0.3501089507646888,1.2211154510332138,-45.08792466202069,2.1342479246908233,-2.801439739360956,46.05448565415459,-0.5440705072793307,1.127811083655274,45.977116818535215,-1.0501973451308977,-1.7965045406213045
30,-48.79857310935369,-2.0262438567872727,1.6384263151585912,-48.563185495294505,0.826442157141591,1.2279508696509895,-47.44299568033576,0.4468460067231226,1.1695843388868161,-46.45749850423707,2.2395178585877353,-2.8496075947705846,47.4449430654088,-0.5236484332525239,1.1279582569316216,47.353196753299045,-1.0761552628139848,-1.803372038736772
31,-50.214882083034745,-2.0459231007837335,1.6080720353361557,-49.97039175778177,0.8352242534030702,1.1979686698415886,-48.79260431625534,0.4631406304356916,1.2567350924050091,-47.746661891582896,2.3231025172907627,-2.887665473253202,48.80721690930067,-0.5016586146488211,1.167468024644681,48.73755849282493,-1.1284455736788002,-1.812845297105495
32,-51.625696654234346,-2.0280719855715126,1.5975347781198224,-51.35741598868769,0.8142677985430278,1.1828246441333863,-50.17962390204963,0.4903824313267274,1.2984225962912141,-49.08972700009097,2.424505369352261,-2.9448301682202147,50.1762219819231,-0.5540896590606447,1.214934083869074,50.121113532671906,-1.178601443144358,-1.8524436249907121
33,-53.00585264464821,-2.0135299186767766,1.5790060350829174,-52.731844799532524,0.7987672795541122,1.1548622553546952,-51.53096418058109,0.5024934816023973,1.4021927186462058,-50.40156920187037,2.5139870453051345,-3.001014508925025,51.519297956462324,-0.5571600598218439,1.2941982300435932,51.469051937306645,-1.2310920780555028,-1.8825539459850742
34,-54.349893539900485,-1.9679469500726563,1.5040046334566664,-54.0938074702955,0.787373223073983,1.0597206197947182,-52.87974821847099,0.48119374098352474,1.4565045802655827,-51.75355625223689,2.604364421458776,-3.0480134862716515,52.87410496544833,-0.6089323049314104,1.3015557245316074,52.81565604260839,-1.3235464627837767,-1.9297688037544483
35,-55.683448260089996,-1.9583465664417863,1.4251347331882702,-55.487200946398424,0.770963513934799,0.967232331595363,-54.24477837340008,0.533435223693618,1.5107233914279448,-53.08557199556486,2.721041896033197,-3.0865883969285344,54.19058007483445,-0.6213307819525893,1.3761592963785017,54.16596889232999,-1.4019202254953627,-1.9768535338717783
36,-56.9580993583393,-1.9368406746539821,1.3542072364743765,-56.82560183651499,0.751683479689791,0.9159206917702057,-55.61275618844257,0.5448844603791795,1.5491920374550183,-54.418572412830095,2.8493314308037343,-3.152111765697291,55.53466516679629,-0.664620710278613,1.3869523136393236,55.48234662185479,-1.4166476730000561,-2.0215757092152242
37,-58.18060628409885,-1.9073082184889671,1.3091762556170212,-58.17336436283207,0.6891010190678625,0.8389307589467271,-56.979790816045046,0.6126202414441513,1.5762670348490209,-55.74953309423983,2.925624398054131,-3.1557055138756467,56.88115389221504,-0.6569908116483433,1.436774074351029,56.78918241736906,-1.4456995029912365,-2.0716528545198534
38,-59.42912498937616,-1.9083981273145159,1.2617269222232324,-59.524639372902094,0.6816166401542205,0.8066940024061395,-58.31620176829134,0.660723923642099,1.5939092925168845,-57.0632984311605,3.0620892279479914,-3.1801809663356235,58.21569131454972,-0.6902782993142133,1.4625912696067347,58.06189213876646,-1.467609838622298,-2.0730088350907
39,-60.67923319365902,-1.9028286505722416,1.227062042593011,-60.851886954344586,0.6641806499540351,0.7815921611170541,-59.62546668399567,0.6060832174031424,1.6566774256096706,-58.399467662521545,3.114365727237263,-3.138637273839265,59.516704666121335,-0.7393121483072483,1.4654695992166462,59.36141351625336,-1.5649920982934484,-2.0893820978896613
40,-61.89618430252055,-1.890348774788517,1.174033828357968,-62.19253161905209,0.6417212918381234,0.7410112184403214,-60.9108643775591,0.5711085641853134,1.7572828052301015,-59.710269735934574,3.0811011819213596,-3.0878494525386375,60.82450282430194,-0.8141372895842761,1.5420205235969655,60.63664684998417,-1.6031987293010994,-2.1077751421146895
41,-63.18694645712042,-1.9310224596974428,1.1397497898564788,-63.53456762133279,0.6991985940378428,0.7603688141865006,-62.19675512880756,0.526024089372527,1.824364763798297,-60.985897700515686,3.1170154754297767,-3.076502557159279,62.14344632520243,-0.8818087795584447,1.4991212790748147,61.905909943898685,-1.693210247145705,-2.1552809973620177
42,-64.44802831380339,-1.9774803988033993,1.1475019798447295,-64.88139526422871,0.7189257437085366,0.7860055649874352,-63.478187688935535,0.45552116060414644,1.9354715187318576,-62.291490677828904,3.147902965596078,-3.0245493203709644,63.45787650451239,-0.9700080504626258,1.5443956823414187,63.19061716181551,-1.73326050633413,-2.168341105781857
43,-65.66844337331482,-2.006285450647963,1.0985206032603547,-66.15043645697628,0.7372078128213672,0.7445883041878051,-64.76934533834465,0.4059256708876092,1.957488730154283,-63.59542583283163,3.152528710131813,-2.996875024466493,64.75335438866456,-1.061483679069866,1.5153736058347773,64.46933703700007,-1.863374880524349,-2.210991798022846
44,-66.94680011909183,-2.067004660837258,1.0351139310444695,-67.43248442461905,0.7951734582155707,0.7340764669589891,-66.05853446323317,0.3640510251999441,2.036090018704576,-64.92224193604625,2.8827766284367753,-2.9887429895699156,66.03973440546743,-1.1281993067452438,1.5116475746637825,65.7336484067119,-1.9124640244127211,-2.2128866039116795
45,-68.20514310622478,-2.1598266537529516,0.9702149809727025,-68.76179408259772,0.8772509467074439,0.72259557511825,-67.28739586445596,0.04813059472385121,2.2726591039402786,-66.1583685216666,3.184355022036043,-2.679301822394528,67.31211221983143,-1.2180281291879353,1.5226577962494043,66.98505007526336,-2.035004976282784,-2.2357024990260155
46,-69.48491641790375,-2.3828112552511667,0.9769761359500613,-70.16569815686579,1.0102943310667725,0.8167393708801691,-68.58543752736526,0.09778374122583432,2.267446347531795,-67.42335443105245,2.957254439674224,-2.629287394747403,68.57180158739287,-1.4234903623631192,1.5492987590434544,68.20959220761226,-2.202202676015955,-2.3085875896622956
47,-70.77979970334123,-2.5754642076028635,0.9520229760791017,-71.44918614808994,1.1316148098920034,0.8422971725186202,-69.83437974200307,-0.00452886363296441,2.3562070565873814,-68.671443995105,3.1259984999847124,-2.596687240520286,69.86496742773042,-1.4556108188258616,1.5138921096268232,69.43702645645901,-2.2047246626614916,-2.3333421095036435
48,-72.10268112257481,-2.757089148652905,0.9291638378290309,-72.74061533692613,1.2816955140573103,0.8772753175340315,-71.08695004198727,-0.016077536413097268,2.4339669910326767,-69.87612716965407,3.3121665542098526,-2.6392608185926782,71.13352814882325,-1.6016923478236653,1.5229674882549988,70.65888469949378,-2.3523575751135204,-2.3448138365053235
49,-73.40995884996019,-2.8468529928738433,0.8886455723177236,-73.97543214769586,1.33988082538538,0.9069508724978808,-72.35555043009462,0.08125742377198317,2.4749703045709146,-71.09710892004566,3.260807794041676,-2.7260597101729678,72.40358465960989,-1.5657465767959076,1.561502856124033,71.88673048010857,-2.3423906924390545,-2.347872532793712
50,-74.7496237723094,-2.881467213924121,0.850481690738066,-75.18226965179073,1.421193878745481,0.8795203978268861,-73.55993964084865,0.023504528038645094,2.5244041995569604,-72.31859932704529,3.3274762116359873,-2.687353849170338,73.6609102981147,-1.655508298344497,1.5110940039020888,73.11378342006219,-2.356997912442838,-2.3509318765359826
51,-76.0742660249341,-2.8666248091079884,0.780257444433074,-76.38887583601188,1.4443014035664885,0.7892583174237672,-74.76191656691027,-0.04144494460573978,2.6570608773849234,-73.5333584108868,3.270674194720883,-2.660185172284466,74.88556609546737,-1.7640565876480132,1.5157432458048767,74.36349427019026,-2.432462099249692,-2.3775999141862663
52,-77.42427461366098,-2.8644755080442237,0.7107459564901414,-77.59649752726133,1.4659329399587224,0.7523105430068375,-75.95271100170282,-0.09864786389434203,2.705906515764078,-74.71401683726506,3.340981177195129,-2.67494856188465,76.13339610183613,-1.7836317639483843,1.469569398103719,75.60270314936747,-2.4354143382623867,-2.3668662841722052
53,-78.7444903510909,-2.8677482239393406,0.7089850523611644,-78.80616936555319,1.478553337981407,0.7102178126916558,-77.20468232439683,-0.10603386476956639,2.802997043378901,-75.90948491792194,3.2876535154999393,-2.631490141839119,77.36858769121301,-1.7916734534699745,1.4454013858153552,76.83222136119679,-2.4789065824256946,-2.3341466215698223
54,-79.99026578198838,-2.8868261381210996,0.6447704653661304,-80.00794514259893,1.4531740858082214,0.6515591773442825,-78.40506346366804,-0.22576174667421384,2.821571974915232,-77.13819854202775,2.834282009199286,-2.9735470946871794,78.58177278573172,-1.806416861683245,1.4414442905486873,78.0339327048638,-2.506339928961163,-2.3151173973220325
55,-81.24211819608335,-2.927149015158305,0.4837682786132863,-81.19042026479438,1.4550587051393673,0.46791958100568243,-79.5740810779824,-1.104330174077256,2.816615831183134,-78.94096583590851,-0.6332249817585265,-3.177307851507287,79.84879512582528,-1.8742134630625318,1.3054131247052612,79.24239803380945,-2.5707876557263116,-2.3179704849256457
56,-82.38711081867845,-3.032182471179852,0.11599844385573675,-82.35588130439268,1.643088552669894,0.19254839720181766,-80.4309209037667,-2.8301229939189305,3.249134864988768,-80.64662727274603,-2.707464425838077,-3.024650897173675,81.08271521567286,-2.142324402200875,1.1957428530627707,80.41479135978159,-2.7988068432700897,-2.243705065460135
57,-83.62003934267491,-3.4241867357046654,-0.2666301390799753,-83.51615323106549,2.138167632887317,-0.020593188102527877,-81.33420111647445,-3.985578233848254,3.720555985827067,-81.97518550522697,-4.199727627214201,-2.160481597942181,82.32509329571755,-2.7840191894885513,1.0997239142872715,81.51662435925502,-3.338198186806404,-2.419454342591114
58,-84.86855542116335,-4.0912069838904,-0.47765391583104616,-84.75036343762963,2.767380067791555,0.058199988707568484,-82.45037754034988,-4.180813429546322,3.874976199023231,-83.33251782201307,-4.331928661978268,-2.0693586817055776,83.51759879180258,-3.3730481903864353,1.1069086117387872,82.57278566059946,-3.8185792590118672,-2.541720967402119
59,-86.02689379823573,-4.762907689921696,-0.5249151829674228,-85.94807418490932,3.3400941394651684,0.23209604683763654,-83.62092290492573,-4.482296569208221,3.933481789378602,-84.56814592098831,-4.686374142067681,-1.6439480987413617,84.71660214666579,-3.7948246388252875,1.029908662288123,83.64163310166687,-4.3223006718480885,-2.725661625234903
60,-87.24419722758773,-5.2802979283681,-0.4711409413804328,-87.1740626326975,3.7755956910216653,0.3986557126812674,-84.7459920169093,-4.963426082118156,3.9978330725022286,-85.80593591311012,-4.941199504282217,-1.497271364802298,85.91029760752647,-4.104171155716596,1.0008272679471886,84.73028941522735,-4.6077620366038365,-2.7717868525237095
61,-88.52717614230589,-5.685977571707512,-0.36602328994404,-88.43572615130155,4.145432917363352,0.5353622961536659,-85.89713933407891,-5.124074781665864,3.9655047840711,-86.96827083658376,-4.964528838999045,-1.7998898537853016,87.10135903933421,-4.34423257035237,0.9810794162754788,85.83703150744822,-4.91849128566739,-2.5822659540267563
62,-89.83746798969892,-5.9634517664682,-0.3247225465902485,-89.68578062243154,4.403014578480243,0.6476182342690949,-86.99119493492759,-5.474075113270135,3.8979245570845915,-88.05134372426606,-5.2245186172324445,-1.2817771224835692,88.2482976642072,-4.661157023657631,1.000529949773657,86.83051586307957,-5.024046911295628,-3.148391827377943
63,-91.07437331657884,-6.011147009626297,-0.17642248851035314,-90.94469461625766,4.447492720606597,0.6667966972629504,-88.091552153461,-5.770662369495716,4.012677305540939,-88.94937519458513,-5.479604987246023,-0.40527934143278804,89.3857503949349,-4.864254805190672,1.0024597336330154,87.92047070657102,-5.275069744146101,-3.5562838747692647
64,-92.3309638059575,-5.994507310122879,-0.06461499442972105,-92.18952679433507,4.505455164605065,0.709316178076891,-89.23539238948973,-5.8817671796330355,3.7791146989439826,-89.1118747231098,-5.550577421182058,-2.059080656316694,90.51987842219563,-4.926582106210694,1.282581184683024,87.10125351284817,-5.180823127422581,-2.530407431138182
65,-93.51100865675701,-5.942697735417786,0.013157343584440916,-93.35250677653708,4.438764737358402,0.5575751064960811,-90.40722739728278,-5.875060168480606,3.688985475864692,-89.81887873831808,-5.543497193992465,-0.9064923550196652,89.47391447239522,-4.799535381869119,0.8099314170216427,87.8806324560789,-5.115569541154083,-3.6197068753591983
66,-94.63637923237637,-5.8478749845182305,-0.1303975831245273,-94.48394914182798,4.371277428109629,0.4000992331556443,-91.49263869390032,-5.920972420021223,2.891125946378558,-88.86121882545577,-5.59234992769152,-1.7236030128830548,90.55939175210578,-4.840801091152524,1.1489133153133848,88.09120151407583,-5.1442449170171045,-1.9663278824557653
67,-95.751592789155,-5.779156375483476,-0.1917296962011103,-95.56513872121614,4.326439081152938,0.07463047026838232,-90.47096653465387,-5.812576979478263,3.8962675477511377,-89.22210525102295,-5.593167635312411,-0.28659914234092887,89.41968493265881,-4.866133726884576,0.9998597965820147,87.24450252166675,-5.107660187777711,-3.278545350774341
68,-96.83209833003464,-5.712402507068805,0.10633875646912176,-96.64595395902514,4.272152461857903,-0.5914617601236902,-90.5825115379403,-5.765826774496017,2.223535926168893,-89.07309090519867,-5.56840584451108,-1.8670344918069919,90.48709263824054,-4.849746336145579,1.409885237850243,88.36545581559423,-5.143716899825162,-3.5932510370111244
69,-95.6734436017239,-5.611176851693309,-0.33820198744195823,-97.20523927977013,4.145330987364025,0.657212335018744,-90.96780959514511,-5.730182878141138,3.7042314924678164,-89.51458874241716,-5.550503603125329,-0.4969644764729281,89.44894911986081,-4.820238150014101,0.8337462575185262,87.3054443483991,-5.107309685037537,-3.1924578898684652
70,-96.75968697567788,-5.532485556831773,-0.39688236232021024,-96.23981080654629,4.10700122438772,-0.27156762477250296,-89.99712525542404,-5.625774656348194,2.9678345016114593,-89.21564160981274,-5.630361039491751,-2.016111885912976,90.51311982777665,-4.825314432571416,1.2421824788454825,88.454056404536,-5.153127667908674,-2.6937085881307103
71,-95.58088613537933,-5.50847610061659,-0.7530257274998134,-96.77516389401647,4.021057761121854,1.082588099932106,-91.01932998950129,-5.6340208165841625,3.6309411117306736,-89.84637813576869,-5.52471546354324,-0.738580073914463,89.39746125983208,-4.91177273004187,0.8198767658746597,87.29150035348904,-5.242336161527552,-2.69552366855391
72,-96.57554990286165,-5.517006555097089,-0.26364284120872034,-96.34552555011821,3.9977183422294713,-0.3794332224340017,-90.06368717781022,-5.443986569737142,2.886178037185209,-88.86372213434699,-5.4752825194664245,-1.5351772795979206,90.36451510176751,-4.838109244762012,1.5520591277632376,87.79669399973793,-5.229451077612651,-1.1396490936157897
73,-95.35477715933962,-5.518021612984663,0.1748955112069152,-95.80944522921483,3.9544383188770253,1.1873272794592737,-91.12017118118483,-5.461278325446526,3.392935645261076,-89.95079107438828,-5.364585987863194,-2.100539478353221,89.49200373653932,-4.825300175868657,0.5999934145532261,87.97444156100414,-5.245444816132397,-2.7189155426371747
74,-96.5003818348096,-5.541637971356105,-0.43113546776540407,-96.08421599325085,4.001203853519083,-0.42422771107783047,-89.97276174707939,-5.380595003399686,3.303240636274918,-88.74671454654735,-5.461469260310159,-1.8958908347107644,90.37333092295134,-4.8720821446961375,1.5441609434073205,89.03206117017685,-5.243994692184896,-3.0321494171125933
75,-97.64774016484515,-5.442688239230874,-0.8241358630702567,-96.99636797211227,3.9801539180401253,0.5237761593502519,-91.10679206412004,-5.4249278315647125,3.3922937951341985,-89.56676302092862,-5.366335473702429,-0.9613661030540918,89.47267016582488,-4.969801890046854,0.591583326709242,87.84646444084963,-5.2784780567418315,-3.444956276973755
76,-96.52731795248043,-5.436649780355522,-0.29525781858010186,-96.03821305833114,3.99101178001984,-0.2421138975599856,-89.93680690048065,-5.282159270679623,3.708047743223208,-89.90948223657341,-5.444476309357952,-2.571171681958544,90.35568140494026,-5.006060740902533,1.5548103420196207,88.21275080532345,-5.259645012198569,-1.879721249845395
77,-95.37854721154588,-5.444519733071936,0.28143584404003313,-96.71657104823953,3.9967450575463737,1.1155384427826311,-91.08182383741092,-5.263722239110338,3.190946638859143,-88.87994111288417,-5.265894508006735,-1.4384028658324952,89.41658953258714,-5.006639093098403,0.7684112632149187,87.77907362698105,-5.247761472562486,-3.477902795861216
78,-96.38203008347489,-5.425877442905321,-0.6363620953575396,-96.49118296879048,3.9443678145295253,-0.43062079097405037,-89.94875453453488,-5.075320901992803,3.486090588037151,-89.61024495747674,-5.24993173349571,-2.7840177492611353,90.3729411508022,-4.918937163566361,1.6220472160985318,88.6754779682535,-5.176881707341544,-2.317918645006337
79,-96.09625889507618,-5.407657880270544,0.995002356306911,-95.45705386371756,3.91347939609639,0.3539908695981256,-91.11788927121725,-5.027165120448224,3.3577761381124915,-89.37195974099737,-5.135034790355494,-1.0557579380101665,89.4737960091332,-4.9071303537340425,0.7795343551540288,87.51800438476646,-5.096330976932737,-2.8334290614678856
80,-95.80724184551876,-5.375622024597144,-0.5402743178107181,-96.64261855609931,3.877120125080187,-0.01144284444938316,-90.06976945264539,-4.862657484395241,4.239970372759669,-89.5037123682173,-5.091284910006844,0.5311784549758405,90.4881122818822,-4.9528601612324,1.3902805320349791,88.49665347110803,-5.1845717806297404,-1.8417193721562777
81,-96.75015454256064,-5.380812222589445,0.23617725555476338,-95.83183024178379,3.861047671547454,1.275555808755327,-90.94949548029314,-4.846808620350499,3.009249998055354,-89.5881506309407,-5.082752906256388,-1.0878421529592919,89.35759634851082,-4.91101436551716,1.2314976468292231,87.52390035882424,-5.099108079989246,-2.9645487632600993
82,-95.75196573165897,-5.302245017999949,-0.5455489408397152,-96.34063118855116,3.8112861296593405,-0.235841667632625,-90.35024563210905,-4.641244699978898,4.520222609284592,-88.82173296924545,-4.994638939584894,-2.259913051548456,90.51645418856819,-4.954790454001607,1.00959825413884,87.95821239918392,-5.1859452464207125,-1.3230438942433398
83,-96.541752829239,-5.254148817270023,0.5120272861758484,-95.36417415139036,3.7426957028327683,0.7832951414022135,-91.08386389333832,-4.574911520889802,3.13159884134147,-89.05746668858444,-5.034344508117184,-0.7158476841132859,89.33410839744501,-4.8951382106516474,1.271482954732838,87.5901083996206,-5.031544942191397,-2.9357756090305163
84,-95.99282694745598,-5.112901077944312,-0.7909359223161735,-96.32655280654758,3.6184082026905573,-0.2058749731575374,-89.97208474199729,-4.426704915598096,3.6735682029731174,-88.50380696610098,-5.019356665128148,-2.034107683034212,90.46389978377061,-4.851618000790226,0.7159541270389427,88.57033121307487,-5.062468285844396,-3.6347677642961154
85,-96.46568448060223,-4.952249869905709,0.6426435870300843,-95.1891476935892,3.50817684487672,0.23550761164910342,-91.14502281723865,-4.3495403125362895,3.7087042452824117,-89.05524049963262,-4.959750664570739,-0.773856888044122,89.36321522239197,-4.778776381579825,1.517667130082953,87.79401019684627,-4.958747063351481,-2.565164758799877
86,-95.87350828202068,-4.860948966913494,-0.6063481239864704,-96.35777988998488,3.383962970017296,-0.2893814675484071,-90.04536617861346,-4.1956805699415725,3.208704599796782,-88.11882670862173,-4.9931530911196775,-1.6142376948893022,90.21202017556067,-4.758239654188793,0.2737807257196138,88.18749064550026,-4.972598582057381,-4.037364737005401
87,-96.94141495936483,-4.764192482407909,-0.15482719917298754,-95.89182478888317,3.273069805257769,1.2590989690051402,-91.06657244385929,-4.196879894025346,3.8294113365301348,-89.24696131285239,-4.931720169460118,-1.613374179589363,89.71312224876542,-4.7505558237139835,1.8536794717153844,87.58876790701368,-4.93987868998395,-2.75670426117704
88,-95.8261880469047,-4.6858382943459445,-0.47277097593877604,-96.31437977348916,3.243805702499458,-0.3518134139860227,-90.08060883290668,-4.025119672879912,3.104198222616549,-88.08106112593401,-5.0071499656506635,-1.2241192419580649,89.95702789770701,-4.7084496675874545,0.15884670445080182,88.19427153349783,-4.934596208432189,-1.246001637988854
89,-94.7628252116493,-4.690542479854666,0.34661968423672035,-95.53394857119254,3.1983571508705984,1.0081491849119881,-91.146527505881,-4.073138506855706,3.5582858702418383,-89.23307180484697,-4.91986390928037,-1.6276783563549808,90.3817644542282,-4.742938459183179,1.5907817507694402,87.84284469161241,-4.948604385496204,-2.8244872924933166
90,-95.8847906513008,-4.67610341783665,-0.3737586480399638,-96.07402747206784,3.189531993882923,-0.5101568618837247,-89.98717469020212,-3.94348880340526,3.521189887462529,-89.51946931026498,-4.970898151555625,-3.2833679717209296,89.50788668247229,-4.662291213217804,0.6249746806659905,88.87174515110351,-4.90618114497412,-1.876295089573259
91,-96.77832602758313,-4.698748135860285,-1.626847983580555,-96.62114362676157,3.218603547151273,0.7806576943335325,-91.14368717454465,-3.992981630272806,3.535031241155308,-88.96514890452195,-4.947937605802877,-1.776806138399813,90.4872787535605,-4.726480658587177,1.287255745347264,88.00747347369278,-4.936506047998469,-3.034120712723938
92,-96.05185887754112,-4.781971228750954,-0.300232369633577,-95.89154369713845,3.2356492478601697,-0.46113961015236266,-90.05062245799859,-3.948209044909813,3.0045676290320635,-89.49889395790507,-5.00704652040177,-0.47144215627860864,89.38311707890942,-4.723046778692054,0.9250581610099793,87.46354957556618,-4.907591762097244,-4.564911743396303
93,-96.80314373335639,-4.827229057611535,-1.646350894960008,-95.89282085703078,3.2940067478463058,1.1657778614226353,-91.01220136775197,-3.994381428131964,3.8143256206215077,-88.89493301663678,-4.999765916227217,-1.8072219363299211,90.50164223831403,-4.800381891716307,1.1632245844396178,88.11067738797999,-4.961839866073632,-3.113203411480416
94,-95.82018911370183,-4.952471633404436,-0.6480111984514377,-96.1204349081657,3.4056471186439516,-0.4457743964133181,-90.21098562765535,-3.9445535861310916,2.756046667993081,-89.64183197727226,-4.986109990226606,-0.7550302122945469,89.38320038045676,-4.824419716998242,0.8569708192773894,87.05224549482195,-4.91989826257503,-2.679948149318764
95,-96.2559351409595,-5.0444734140102,0.776015438188908,-94.92056532321031,3.50360064070326,-0.348042440125234,-91.16056593843369,-4.040690984593799,3.554366753300036,-89.57020043525351,-4.994117833592177,-2.3780206630450533,90.49583225823396,-4.972088565653032,1.0848989041740877,88.0961535982185,-4.992233168348004,-3.284529073167746
96,-96.10912897510863,-5.115157596074706,-0.8394339414763523,-96.00093339923716,3.5438818649533603,-0.24718160276256693,-90.22497550171833,-4.019353380966646,2.6579633990411167,-88.4833091321316,-5.073261110914017,-1.6198778376148038,89.32242458225964,-5.034507555490499,1.144910879596182,88.72395094181147,-5.1676133705385805,-1.820471502619084
97,-95.62403918986017,-5.172790953970258,0.7182110284104181,-96.60454651876086,3.558035269165964,-1.6811197531155733,-90.86790155801977,-4.054226099505592,3.8883081364699192,-89.61460911733387,-5.04423135811441,-1.384388076331855,90.4712699106793,-5.152149536328531,0.5135966956078042,87.93058108228446,-5.201150032684255,-3.177457378090436
98,-95.88559125687802,-5.226509876995595,-0.9176776890615146,-96.0348512244332,3.5503231619800473,-0.17850848504494574,-90.51090343496458,-3.994445970711413,2.3298283009656244,-88.52648334774747,-4.941714152522749,-0.6451978828139883,89.90987800542,-5.182989753669424,1.999604279488582,87.86449728738738,-5.201890120178981,-1.5792968750579879
99,-96.66985962331155,-5.2053574911289795,0.16943927201730774,-96.11916381482332,3.554549158668106,-1.8271238362424302,-90.7264507614803,-3.912954232196814,3.901804743875556,-88.27518091560573,-4.885552633052662,-2.1734730183529156,89.4676877803946,-5.112466007136453,0.4996282413929967,87.64396434287978,-5.209173076310575,-3.2342081615491174
100,-95.89988365141558,-5.191531291435624,-0.839407570232178,-96.08900857463445,3.4868659629644374,-0.16686822650745417,-90.92383459462042,-3.860205497854235,2.226379718302084,-89.2820034202236,-4.651753635307793,-1.486403789427311,90.19381225703414,-5.189635962243699,1.675220642681885,88.48925370936604,-5.271967401414863,-4.166842453307641
101,-95.5060563172171,-5.144300338989402,0.7631403378705119,-95.03484656606167,3.4108251827823044,0.4902891078142985,-90.72033462429475,-3.600427958060062,3.8556113446165927,-88.22310727199368,-4.396054933629327,-0.4121735111023743,89.45537903151802,-5.068721891710451,0.5296915867755975,88.03934911783035,-5.137249584842741,-2.74761943330903
102,-96.38553916098745,-5.019373711171021,-0.45776370709531905,-96.15182130580656,3.2796529128232206,-0.14507106083993687,-90.9034055518963,-3.351436871457381,2.17514265807469,-88.88622080548099,-3.967803413545466,-1.6764463617174516,90.38149799981187,-4.955076909277791,1.4036783976379585,87.65256046637765,-5.068514843326655,-4.316219705251258
103,-95.53805145342061,-4.86471802056531,0.734582434750979,-97.07422474712025,3.1660548791895677,0.8700938330796493,-91.00696068078155,-3.0614243965130297,3.8199818141326216,-89.86031552499682,-3.63240761955806,-1.1479587176049448,89.24668105630018,-4.837346320408139,1.1209975736263178,87.7832773224371,-4.969956010380804,-2.6687177276750083
104,-96.56544835280481,-4.640557701086236,-0.25560472037744386,-96.08548990265876,2.9254632176318527,0.1633834578314695,-90.4777601534344,-2.8070107776462496,2.386427273363782,-89.28183525457571,-3.3967718245464504,-2.5302532912762303,90.38812724270545,-4.73068735543318,0.9670592607463377,88.23950474644691,-4.854259009278596,-4.066694690938814
105,-95.63037420343704,-4.396598499524679,0.8104742394433566,-94.93259379392565,2.7075343039962325,0.08837553618990202,-90.91592666534368,-2.687944123780182,3.8286780726650114,-88.7989997986544,-3.205824551081751,-0.9212925866014403,90.17795911523707,-4.6474463465921545,2.6601529522418343,88.16373163805207,-4.766061067825374,-2.4672005400730463
106,-96.52078737232559,-4.166663959332303,-0.3897965708104985,-96.07586807585402,2.5021013595990635,-0.5143493068570684,-90.17058442123414,-2.3687415922473996,2.6681224776156323,-89.53598036152232,-2.9344051471631936,-2.135352902945942,89.76528696538334,-4.578665411480389,1.2183929565182863,88.13946817261943,-4.743489635529862,-4.076733856210792
107,-95.40565131771953,-4.025657278241675,-0.19647725815217845,-95.30357130999577,2.34016073725962,0.6849594932952237,-91.21000744859505,-2.2124639156963855,3.3445960928219423,-88.28735395575754,-2.5746423600592405,-2.1543502971849975,90.91759214643112,-4.503721810613178,1.159404259770353,88.1137573667135,-4.672822449471409,-2.470146429815845
108,-96.53839668090974,-3.9049536045830733,-0.7916591639138353,-96.27611948788329,2.2457587338966936,-0.3199775061811559,-90.12180118800437,-1.8537287356142609,3.2748702647626406,-89.34504075071895,-2.2899250650276186,-1.8685998693837764,89.73947724958418,-4.366618732521613,1.0390016006942375,87.57190437601216,-4.616487220915721,-3.97796052461396
109,-95.40557210392946,-3.888366715317302,-0.5241454394996069,-95.21348899695876,2.1759897957676464,-0.8922434322614062,-91.28408579316684,-1.7817075979162895,2.913947576027018,-88.1633685651077,-2.0244102439391845,-2.237393381688532,90.83681112802473,-4.359930630075841,1.3981867669469332,88.49965646805762,-4.628068494961926,-2.8170838971679553
110,-96.54940113775407,-3.83788651551768,-0.5167667450902635,-96.22104460361125,2.100912506308258,-0.13331389490966086,-90.52755929949724,-1.485553589289287,4.125103267238105,-89.17530202691896,-1.7779262288896107,-2.8384325592140547,89.73472675652407,-4.305983279798213,0.9171897782789694,87.82370675238614,-4.561814373318263,-1.6272821728639566
111,-95.83291630683843,-3.849378268281553,-1.704081819550287,-97.2940320541654,2.054748263357248,-0.7880718394373779,-90.85242657507186,-1.4525797846272268,2.4937991919809006,-88.14176192072672,-1.736196760246888,-1.9467612366955085,90.84439279392801,-4.282217689019609,1.235122336193248,88.29351755976813,-4.584758690261577,-3.052973379235815
112,-96.0893423123601,-3.842386145218049,-0.1413071052726966,-96.12583841904349,2.077505383349701,-0.4238831456103886,-90.68263813460469,-1.3409562017211856,4.135019401824745,-89.1351774707698,-1.554208548835419,-2.7530588046352826,89.66131185730224,-4.29217116931992,1.2194643646698409,88.965697714203,-4.6336054376519415,-1.6039550987607532
113,-97.20767910764918,-3.809930771452735,-0.1254495565306003,-96.01829521286506,2.0342482410817015,1.2085331720633457,-90.74618530525369,-1.279766369871691,2.4579315584580663,-87.98238646216387,-1.5477325024658455,-2.1391174667036075,90.8257287892627,-4.323292324084819,0.8124226870443696,88.22364307138126,-4.611299486658825,-2.979782537361254
114,-96.03383260651079,-3.749303088937312,-0.2843672859400102,-95.59972247161332,1.9429346135501482,-0.3232067014101016,-91.0422963056643,-1.316960769470306,3.993542712250262,-89.08768132116381,-1.4516334989484672,-1.6597269530815517,89.66852427808166,-4.379457746858114,1.2612011191997807,89.33025025005927,-4.699962917717824,-2.423513760227571
115,-97.01347971337383,-3.680641902091677,-1.269647371114947,-96.70803863893487,1.9346727672537571,-0.7977440504491424,-90.14422665397805,-1.1061455084615635,3.0459900667383577,-88.17822901466148,-1.4248825270339165,-2.7166959194551508,90.76215427983405,-4.422733806026158,0.6938000983451674,88.17131099074993,-4.720679353658831,-2.906421333892965
116,-95.82890941327342,-3.6884378343633095,-0.6880552374598992,-95.78501562353921,1.9292537085206138,0.26846731974513144,-91.29078780698536,-1.1452363328331903,3.0491733074917,-89.17030528061466,-1.328244786949911,-2.0143165897628603,89.67202012326908,-4.374158084216506,1.5702801960330466,87.076029723809,-4.632657300351503,-2.428443357863019
117,-96.80776137604549,-3.6892773691130025,-0.05416932934770836,-96.23469691033503,1.8794825106305266,-1.2707324716207173,-90.14454331540159,-0.9656751220492185,3.268969558740816,-89.18495896107457,-1.31874516095147,-3.628409332834113,90.64005425671127,-4.326491616543858,0.6894979761572764,87.98121096519705,-4.59976627191884,-3.2398544268266187
118,-95.66389176379822,-3.6749007865311865,-0.26312354112463243,-96.56745045622407,1.8248755046062872,0.33635408469174094,-91.26318124249843,-0.9718534526726281,2.9551974674818924,-88.72204792721226,-1.2100915146773836,-2.0438513435791443,89.5595205201986,-4.366633628367157,1.6607958778651724,87.56786531369863,-4.637261256183092,-1.7334573478794262
119,-96.91082192557664,-3.6603328711753966,-0.5881337543774137,-96.33623463309249,1.8407314883061943,-1.2249008394576315,-90.28585214154226,-0.8128640595049157,3.8738765560039155,-88.49913962861899,-1.249444437385304,-0.41000681514900483,89.97666301009647,-4.338762483202612,0.06307383679990508,88.1949547618473,-4.605787335782044,-2.9705529612790076
120,-95.800764635367,-3.6637116435100734,-0.04784477368027536,-95.9905082079908,1.799105593008685,0.36527350711392453,-90.7956726882158,-0.8336487054305842,2.4052259148514055,-88.81363339854609,-1.2041494029732926,-1.9649353721116467,90.520053851549,-4.350181528587696,1.4758432937878485,89.20935373066199,-4.663068561402434,-2.07720526007873
121,-96.5424075191125,-3.683639566850744,-1.4036961482932782,-95.9392248917877,1.8559455256250874,-1.234318271155035,-90.88845167988855,-0.7791169895402964,4.068087022325043,-87.70655512592266,-1.2367054808169973,-2.515732239859369,89.60807275238817,-4.371621488594063,0.6044436091737863,88.07759891507973,-4.564374724919949,-2.775365731715485
122,-95.70900270001886,-3.6752088852379377,-0.11868384661046633,-96.44948887865742,1.7903019391005548,0.2708057581040827,-90.79245857773672,-0.7520906200873252,2.459079321246877,-88.77997456847716,-1.227773425380573,-2.086261927031277,90.66843704603811,-4.37620579814387,1.1282112690620414,88.9142787164533,-4.688243158935173,-1.5977774107794231
123,-96.83255744031531,-3.596780468596786,-0.23664744244837718,-95.54624554953955,1.7133397449681107,-0.786006725182274,-91.22709675937243,-0.7089872130860317,3.952220437176517,-87.80885772377032,-1.1664356624160146,-2.908172600844274,89.51467137390242,-4.410975473744206,1.287400887382757,88.10039591214914,-4.636813779756929,-2.954291358599806
124,-95.71353206923675,-3.5254804540719435,-0.7054331450896519,-96.59279323235536,1.6188714320888993,-0.20322220326500673,-90.41601599476584,-0.5698931129900784,2.915764902542702,-88.4440602505072,-1.2485629537215592,-1.5967719009364885,90.63994326166495,-4.406612851414657,0.8362931177229987,89.03446068815157,-4.685000652534348,-3.7363287035814428
125,-95.61311810743351,-3.45557473202813,0.9339544156760142,-95.37868297921837,1.591378283690006,-0.042323859552748005,-91.41131863251788,-0.5370342865843495,3.6939125995153965,-89.27820227321301,-1.1041233161314405,-2.739263335014682,89.52883056438128,-4.412385754108999,1.4115239512378999,88.2450724739869,-4.602603279041126,-2.619636888589494
126,-96.05634919713003,-3.381131521466619,-0.583858168357584,-96.48892079166168,1.479304947083791,-0.3774675249246025,-90.3487368072512,-0.32877828641316276,3.200975439512162,-88.82233012607597,-1.1795414865495004,-1.2295010524244334,90.64326240177999,-4.341137714431532,0.8460456463501818,88.61609868002964,-4.607495100640708,-4.09949652323915
127,-95.01293667293339,-3.3413600886919927,0.19450012998062305,-95.3598485602047,1.4398075848287322,0.12353669296739639,-91.50105347320275,-0.33254706782182303,3.21084544750553,-88.107092355572,-1.1147433066607726,-2.469059546338667,89.53564346912188,-4.322258043506019,1.4181211954757555,87.96250054773589,-4.523918952081029,-2.8858173622760055
128,-96.06051465731888,-3.273009184614926,-0.57712080262295,-96.49332341663636,1.3748617496308366,0.18893438597422257,-90.36302775919776,-0.22192646591844323,3.062422515130852,-89.20690442460398,-1.0496921877962413,-2.1434842364355005,90.63253059125036,-4.295567399684659,0.6578866630862634,89.09239252132618,-4.591272146815312,-3.1734649564978787
129,-96.29528405389215,-3.2529383169134234,1.0230919397870164,-95.39780593629635,1.3403938898761334,-0.38898075892669265,-91.3842195707045,-0.29012143673703555,3.797966074685026,-88.06842757098087,-1.211156255610268,-1.7300977547730716,89.57097043180013,-4.266417695693466,1.30070660745721,88.03740292060077,-4.429499790360599,-2.664170530531274
130,-95.78550127452777,-3.24016528268771,-0.29801395635817846,-96.52258457971467,1.3390713648264068,-0.685237771060953,-90.33713424014833,-0.19154700395451218,3.1395217036871914,-88.67905760847931,-1.1462164258992908,-3.086144175581333,90.72213836963908,-4.308036834397876,1.032685926655542,89.18240467575241,-4.557922870109194,-2.808308184984229
131,-96.21356435112878,-3.2442718223976197,-1.8594637413957427,-95.60787828999818,1.3904385077899495,0.4151941170738773,-91.50845418265601,-0.24224697254406288,3.2274757155251232,-88.20353059912085,-1.1529342210556695,-1.5558298522369496,89.55031058226207,-4.36250935829718,1.3681787673868537,88.03914101341434,-4.482184683006111,-2.6123148030609085
132,-95.99885476638036,-3.2730499754769977,-0.20653725460539737,-95.1032981015348,1.3873701885284881,-1.034310209621764,-90.31704820705173,-0.2022813112809353,3.2156913780367486,-89.10208601711813,-1.0812270156165082,-2.5633260079114284,90.6021103124936,-4.4478148450490815,0.559349749170691,88.4423069183138,-4.600143443648926,-4.062683051673929
133,-94.8504936206062,-3.2937717965710203,-0.33263120716459976,-95.97382191707953,1.408049810314924,0.059818858463152734,-91.45064334167621,-0.2034543544102195,3.476005204810861,-88.08352684181814,-1.103076210865555,-1.6542315152292506,89.7516256279186,-4.442778178295314,1.8855531322835968,88.43096524547592,-4.591110175141301,-2.4291597968313554
134,-96.05233100649369,-3.3146051135362,-0.18982334406663365,-95.32305071725062,1.4329150132283448,-1.278177149332656,-90.32892429007934,-0.10203481271004135,3.1189785262255616,-88.9870100272745,-1.0079529200474935,-2.6313358791026173,90.32029663121445,-4.472737954978474,0.3527351465292656,87.95344482021729,-4.559703393285184,-3.9978770177282303
135,-95.03962140535916,-3.348095527088884,-0.7275258800853563,-96.19229975628862,1.420929877425155,-0.16158867898524854,-91.34881715523072,-0.07532970270576553,3.996601119431617,-88.71163377957235,-0.979250814112216,-1.0184285271650573,90.04217919069214,-4.430468280254439,2.0150646583288525,88.48521641657125,-4.530304597507487,-2.506588784756132
136,-96.16900654528382,-3.3480431905453005,-0.13307796992239623,-95.61532347571656,1.4122630377388368,-1.4740518563740048,-90.70607424871162,-0.028649630145212594,2.617007512760691,-88.2613334352967,-1.0598681819171079,-2.485769442335431,89.83110838713364,-4.424522376866496,0.450750870673722,87.90516907303873,-4.462271356690081,-3.9666930781631837
137,-95.16449320348191,-3.3433882119664315,-0.7098795474278865,-95.9561838428301,1.4077174353916169,0.05426097226796837,-91.11252935246924,0.002510221057080589,4.176999655735453,-89.10642829961391,-0.964388037780734,-3.5397402113546326,90.60475838817491,-4.450732823312433,1.5333911579949195,88.36157817067743,-4.491095043289334,-2.3799953564448497
138,-96.22485463283425,-3.316987158912688,-0.03131521980202341,-95.24684823370004,1.392426347466732,-1.1978654127205732,-90.66634645112738,0.06975081588963129,2.6707756188155254,-88.4447423366094,-0.9834956869845143,-2.14607632371356,89.69756385621378,-4.439198571633861,0.6463059406351281,88.11645151803452,-4.437232012341435,-3.9811062975290232
139,-95.77652827848738,-3.3172082120939326,-1.464188505518674,-96.02736502484264,1.3616175866114242,0.02372886800938233,-91.19231795786781,0.06626935755708811,4.113300139210527,-89.55425419887999,-0.9110735485360933,-2.5342109501851966,90.5145712021299,-4.460901074604664,1.6859300046833983,88.52497359069277,-4.422130885612694,-2.3938553214125213
140,-96.42490333398878,-3.300542314047519,-0.17701265230792168,-94.96016570908594,1.3916704058170832,-0.44090772153120183,-91.09505682433709,0.187745623064135,2.5188472352973856,-88.52715709889104,-0.927880135588402,-1.6707943575157278,89.58410791720686,-4.431693529746007,0.8187717722518274,87.64723716602262,-4.397113893880074,-3.634603013252699
141,-95.32680708949962,-3.311101201105203,-0.28337022408818263,-96.1286723820561,1.3587415194760954,-0.11508408539248911,-90.65500984201263,0.1432363201347044,4.052588002738455,-88.2311104858678,-0.9562791902925134,-3.2283613644697224,90.63235636375603,-4.474903476162223,1.339103853665622,88.53760569142935,-4.470028654738561,-2.518767107319595
142,-96.51798548358174,-3.2603345618338913,-0.40661321598207895,-97.3048867860949,1.3274812704729948,-8.251918827117751e-05,-90.69334211264768,0.21172544425832687,2.448997241447517,-88.57575870799938,-0.9037880023219889,-1.6768385136356192,89.50458602134326,-4.503326456848176,0.9648429440470704,87.35588013584174,-4.47076923666233,-3.053477080760615
143,-96.3321709890872,-3.2685286729237952,-1.9951449250928555,-96.20236859273173,1.2984726001270048,-0.2739887958642957,-90.72687280202538,0.2514499993793983,4.085120791340594,-87.76904335734488,-0.9555706691641429,-2.865421693462107,90.62713598211288,-4.512294187479025,1.1644228582209326,88.47302867397747,-4.54283806666064,-2.5283855842446816
144,-96.10137452936341,-3.2731489956248363,-0.3794987739314705,-95.26009112002679,1.2895033303534698,0.777848899575797,-90.95221277095834,0.3480585606976899,2.4696369712101522,-88.853758903299,-0.807005356079375,-2.360258936823396,89.44297407824854,-4.495733059240144,1.2311497799799906,87.2886421407416,-4.474344749326819,-2.522809426348293
145,-96.21058703168791,-3.231545670988843,1.2435283033337954,-96.08972413493622,1.2178862769770147,-0.4121390472097928,-90.93083667818911,0.46282405706731866,4.122747032740057,-88.04088848437158,-0.8722564984277638,-1.193411404966868,90.54855678446879,-4.4900586681014305,0.6871765392465574,88.26668417488439,-4.559617255592665,-3.281730108890506
146,-95.96892341621883,-3.2229717871522845,-0.3465284228113202,-96.44224132820753,1.2034691599942133,1.1207312628185473,-90.72120823051254,0.553626103040121,2.460752517605669,-88.05926865248384,-0.8040741593149497,-2.820928742441071,89.80057356280382,-4.502731152671207,2.078808128673742,87.40885096236154,-4.457508802744858,-2.271590049491042
147,-94.86368826916451,-3.1573374147526874,0.4078927720186149,-95.855314971585,1.111928623654331,-0.26953448512078626,-91.05051971140351,0.6582251630623277,4.041616949214746,-88.29895417745114,-0.8036571981972778,-1.249109812357893,90.13762573079232,-4.462218731758399,0.41177263517245544,88.48771700890117,-4.535306355366833,-2.8019198344699605
148,-96.01571556806825,-3.145814475561511,-0.0938594483672615,-97.01983296012574,1.0370504985811875,-0.7956545413405965,-90.64299742262634,0.6610659882731291,2.4329637325362414,-88.71865326752383,-0.7593332020416551,-2.7874558580141375,89.69684167402734,-4.507481147465723,1.9779447798722414,87.30891869305042,-4.416188014233614,-2.997925707516626
149,-97.08265583983724,-3.1348236856023046,-0.9661583604094501,-95.89946782913648,1.0923962945728238,-0.35960871163684616,-91.09802654574148,0.7473252851014962,3.9489104779178392,-88.2173924039928,-0.7466205300938293,-4.269135874466677,90.304941912272,-4.499132974880127,0.4759928139671022,88.46284896632307,-4.520175217270729,-2.9642866222194026
150,-96.02891410626191,-3.1253674644250182,-0.2214030540284964,-95.00761500655824,1.0780891486741866,0.6870606158543191,-90.47925305756065,0.7452140172006465,2.4977039274870068,-88.60958010645483,-0.7657579486557724,-2.7357914250791238,89.93397988361562,-4.549606042388131,2.0468657023236863,88.79137914933116,-4.567630756339836,-1.3345043300371897
151,-95.9251393216544,-3.126544803037477,-1.8335198232108183,-96.026168824442,1.077639018893446,-0.25184198243930045,-90.92335339966296,0.732272274294778,3.9893809221429364,-87.75549352934311,-0.7457509760631723,-1.5763747146240135,90.31806326558943,-4.597803188759511,0.41205548840691597,87.97400813614958,-4.573650587202943,-2.593955902468468
152,-96.3882156802536,-3.1197410068410427,-0.35088786958636625,-95.24331170748194,1.085443910420051,0.9480840220837423,-91.21253405611796,0.7219959515680661,2.3753063402169956,-88.90445012702692,-0.7561551039490648,-1.7387204065616997,89.70256890646553,-4.608809103075588,1.8702929738788807,89.02127853293709,-4.640532257378031,-3.1745621240690047
153,-96.44347531012598,-3.102184822217861,1.3033981084583208,-96.14828629216471,1.07665736964965,-0.14376107064027913,-90.86852758625837,0.8242865923065643,3.889398889493299,-88.25591795734843,-0.6209655638610901,-3.1172448597792695,90.16820827571699,-4.643707829645692,0.20075847318459633,87.9060350540877,-4.7140654093297485,-3.1522379275900443
154,-96.56478051826564,-3.0784355706463993,-0.32706739528972684,-95.01130587154417,1.0399565552318961,0.4557700247240516,-90.74698849639255,0.9608881351213484,2.2109665668532044,-88.83114895285487,-0.5189602485635844,-1.734186780722214,89.40962037641685,-4.553529172718035,1.6149413945848052,89.00641087891017,-4.851550784080545,-3.495605135389729
155,-96.77752522974542,-2.932025215261081,1.220035637835481,-93.53897302479228,0.835418822931412,0.8789031750077745,-89.78693425080735,0.73078063771082,2.443620864670669,-88.53151905485382,-0.01239124122060881,-3.1009707602992282,89.42556560993326,-3.8651678223638193,-0.48179680553361987,88.9260860243713,-5.319613067367492,-4.72826681559587
156,-96.56151298526952,-2.361596621813855,0.7876541675563782,-90.99146801225889,-0.0158435654444326,0.5928791663722064,-88.90806853029137,0.12171579577906383,0.6169971176312404,-88.25565813769454,1.2811936612147978,-3.5891544457236266,88.20132700280696,-3.943509575860043,-1.35665811265363,88.57338412068785,-6.193313041425757,-5.113883712129805
157,-94.85677074350012,-1.6237053210624377,0.3976921307483947,-86.7653256545276,-0.5902312798590287,0.1998685882751061,-87.94916790940903,0.1656396753067856,-3.8525004671034737,-89.01431521860631,1.8021346269079632,-3.4093461988750304,87.72687869133156,-4.979184782165402,-6.26557398016615,89.02125652605531,-7.08174662229144,-4.399185872916628
158,-90.86435469856586,-1.1236160808845035,0.6047998333624958,-80.64403646218142,-1.4168441359314246,1.6554832839270588,-84.94669791835979,4.597316746309124,-14.99715451418733,-89.7404911725494,0.8881234810337602,-0.035794080573417396,88.88035111696936,-9.634935539982715,-12.966583353843427,89.74429894736649,-7.2399106115511245,-1.7674513899828839
159,-85.19032259355517,0.0313934736235739,1.2618835250417526,-72.6868849918525,-2.9105453897468982,-0.0845906293602542,-82.85267398231915,1.6324915008613106,-23.536792163921607,-91.11341868781031,-2.833260839753896,6.121447858989123,90.749686324321,-13.051329140686123,-18.727251876604285,91.68980786645156,-7.645702511086701,3.6771400960727414
160,-77.57195217798235,2.3442246860194573,0.4743516388790781,-64.07545727219728,-3.814933002115008,-3.12518433473009,-82.20376193462866,7.672366945233818,-31.241094294929116,-93.17797158192002,0.5384891869123518,8.9682058545146,91.60972111187758,-14.355093914585698,-24.776963288180344,93.0751431460174,-6.80273957234964,6.911001662713752
161,-68.91985024889118,2.22855187519475,-0.6665201156757846,-56.439492595863584,-4.137348468863708,-1.624664667568105,-78.93091043416257,3.2755835984325494,-37.657096426738484,-94.8775351641672,-1.2477794720302282,14.233921669809579,93.5778173943792,-10.537866683969693,-31.386242722475878,95.07297448060847,-5.561486226105781,13.386242356021805
162,-60.352712707994165,4.376228856516395,0.7055539928438791,-51.688663281878476,-6.816162472842631,-2.611386273928304,-75.16600405561117,0.7430186797923277,-44.18284750155755,-96.53764846207282,-3.644447532914787,18.771281932226373,95.38743927208007,-10.41584521641048,-38.27285761143822,95.93389879913623,-1.5350037991341041,17.30558085685423
163,-51.63300612551978,6.813831724162788,-1.2651817397488778,-45.79062733083206,-7.5333862473280035,-4.959396957960508,-72.77057119685578,0.09084246914395808,-50.565453740532796,-98.57488633059528,-3.057495012633584,20.881262538997944,97.76278171693157,-9.04794813219055,-44.59625177009048,97.00157647540533,1.3192161842289032,18.48277695060575
164,-44.12017893964743,8.525177170188009,-1.8720097941511546,-40.918838139018554,-8.600024348743316,-6.057594746635001,-69.72875812918977,-2.0604866242618005,-55.65003223380589,-98.70089396716713,-3.9623953790085262,23.355888367944512,99.5975187811801,-9.255450851578855,-50.25465563773823,98.66498773811747,1.6881370447684672,21.779320633437617
165,-37.6575945136238,8.092097079488505,-3.0396764135521726,-37.42843856518342,-8.008120806515645,-6.309860361384002,-68.27457577018376,-2.796365056317314,-60.290614672519915,-99.24704409739816,-5.44721403255051,25.784924314486787,101.71998744768688,-7.698502908395473,-55.35967260883613,99.82280096911936,4.023296450758494,25.095257261723333
166,-32.30294274263349,7.189010918479953,-4.0029470260394255,-35.05607625627119,-7.123826216558617,-6.698096352199877,-66.2668349333655,-2.5441075730315554,-64.87051001192596,-100.60573922479674,-6.673456665535643,25.065322083738142,103.70653711843897,-6.626763812373393,-60.02083818633241,100.10594193375958,4.354999051309042,27.354351249345186
167,-27.650456750341224,6.709797903960211,-3.7961331038758166,-32.75568741617357,-6.662185775578409,-6.025738639575541,-64.64396916613445,-3.5035061433631127,-68.0979007783228,-101.85198381767704,-6.916073317248589,28.365551968380522,105.67570783732363,-4.389421228828729,-64.16810956321225,101.72793626646244,5.353205181667131,28.712891222558884
168,-25.23115998962756,6.34733709781862,-2.7734259075112924,-31.857254945814798,-6.190932520333685,-5.9669380639647915,-62.93679003259055,-3.9590982315461978,-70.59343684883464,-104.96606532202289,-9.282775182687326,30.149241152386917,107.61639099791049,-2.615986661522112,-67.6013361760945,101.69139839950995,5.767452431466365,28.234350892401636
169,-22.705872766786072,5.947049648308341,-2.9240781949372407,-32.29651921303201,-5.96038358260913,-5.2837177234449495,-60.86975954024562,-7.196623330668133,-72.5577540803228,-105.83358540772832,-9.896374623066064,31.59812458183334,109.4557467818289,-0.6872962251687121,-71.05748092007609,100.45081589425982,5.9158850379075245,30.53695729532959
170,-21.12161045484966,5.699697569029667,-3.108806020117414,-33.83155881006325,-5.736942796712954,-4.821137056395418,-59.39065149050125,-8.298654047722344,-74.41929662511126,-107.07016389229761,-11.676980424287423,31.567619237733634,111.38656654969273,1.5041888805861987,-73.43438345284662,100.48218713448014,6.424707234939248,31.98543476544108
171,-23.78207077594815,5.614209976937855,-3.6017946979095767,-36.320126605367825,-5.575574166644319,-4.182037755350432,-58.20946433957315,-10.886366208416002,-75.71142452418476,-106.58787112169307,-11.762444046419303,33.207603775327414,112.51498607222797,3.652648826421816,-75.46633225924478,100.16553671842807,5.936965000359178,33.06054313410038
172,-26.970042305024272,5.378339977461618,-2.7319890997126874,-39.189720189821315,-5.287841416959752,-3.6701669129678787,-57.595959636680746,-12.51067218751918,-76.43301951028954,-105.69608927224276,-12.74661104696627,33.29781880290696,112.86136844473991,5.093295211192734,-76.4196407551858,98.81074779912358,4.846184754497415,36.38579627115147
173,-30.052009577435797,5.025863725191377,-1.9069767912866693,-41.69307853579805,-4.973125647498399,-2.091671671819331,-57.04322273180612,-14.222659194290095,-76.22414776108195,-104.20839559304937,-12.63066224558772,36.4308155243983,112.61931785580633,5.829033133213552,-76.50923921098254,97.3280971290394,3.8921906426885577,38.24841230386374
174,-32.154118151422395,4.975921872769684,-1.126819777475973,-43.55112923124181,-4.953166785443442,-1.6891372725674592,-56.61154784690815,-13.9854798453027,-74.38820322191653,-102.8729244961961,-11.0248615857161,38.00923594030697,112.58678986624422,5.692310433485502,-74.67188539734953,96.31798172543313,3.5273989834606847,39.533895186777684
175,-33.257190816472495,5.162253792563032,-1.4955082087139016,-44.69606637003751,-5.2302247917804525,-1.5515525040678566,-57.200219516738095,-12.178475657332408,-71.37531566548459,-102.97387264498782,-10.07400454723135,38.47442239966491,112.71318088720574,4.06787742469181,-71.70927850415445,97.36458969192351,4.7673427639069885,40.48239479842488
176,-33.69559159300979,5.4178704598461715,-0.8389501615425365,-44.81735781717853,-5.430097538949893,-3.6316212948200506,-58.3801903401944,-8.893492281518085,-67.24316391891409,-103.48671201751287,-8.270650054104602,36.79777550165102,112.45831412707366,0.7585189592831977,-67.56819032648626,99.34386114066315,6.143232985967642,38.10288072373266
177,-32.91089295610187,5.414138542082375,-2.5490873378557946,-43.30075418657157,-5.45769421581234,-4.038474139877049,-60.259036380547485,-5.1168249184733225,-62.48904387589427,-104.35326149763186,-6.815886729783049,35.079700132425764,111.3034355139192,-3.592250516473971,-62.802791826745526,101.41104378198726,6.313761097595586,36.280834197179516
178,-33.07139624194268,5.497867595541093,-4.048947937713652,-44.98085381770637,-5.724378509305571,-3.0205376698999107,-61.92053764406459,-1.983287347403132,-56.97466186941738,-104.53294130263242,-4.809330749010842,34.31846459114183,109.18886628782394,-7.9915962775823415,-57.360335651456005,101.8685701006879,4.2984287641844166,34.86061442383608
179,-34.73693539468427,5.800878117351481,-5.214415488228516,-44.797580656199926,-5.9985557538033865,-4.051458318394119,-64.25240515141091,0.9635698525555593,-50.99496512003944,-103.63467451539034,-2.9334915631776495,32.537309993286364,106.4427395438414,-11.707853940858406,-51.125252498193035,102.17962450500312,2.713358285487536,33.36045255281643
180,-37.305963941529384,6.197009923069867,-4.853918839589301,-45.887901087454445,-6.442400272005948,-1.8379877165282295,-66.87144129864635,2.9933838220652342,-44.79254353446797,-103.18952315908346,-2.1492503248862023,32.363428109722086,103.24119077644427,-14.235060247604743,-44.5076430903157,100.91604706119921,1.3156659180363848,33.60186083075843
181,-37.84941373395609,6.550183817401167,-2.873276302394477,-46.60527807785306,-7.103750033411884,-2.8723018045031834,-69.65737256023732,5.008319866463306,-38.54167441685621,-103.74512549476101,-1.3119708395670002,30.629874883095365,99.75237788064705,-16.04296832366487,-37.24635757632715,101.1375016007479,1.126619838351854,31.0555882673771
182,-38.4166018463897,6.99064876129214,-1.4834256470337341,-47.47429395872172,-7.526538004591747,-1.1361722708674442,-72.34537182258326,6.107113593920127,-32.18132647388213,-101.97291918823429,2.0370760430198005,29.506625827860635,96.32726941606141,-16.51982206348621,-30.088301062502623,99.91479009671984,-0.9382380369550456,30.4107755350655
183,-40.26163582721401,7.322755506294839,-2.2574287766926107,-50.163225072033555,-8.008424127492296,-1.5339868691773293,-75.43882921381478,7.7840136375688385,-25.99641740940891,-102.00128304618677,3.018691003758887,25.422075312729177,93.49461489296122,-16.9997837175405,-22.98014778502368,99.8711162423924,-1.2939537301989374,26.455672958867954
184,-44.09455738026382,7.692769894673372,-1.41357599976586,-51.16790329182353,-8.40456044303805,-1.4171633521410447,-78.92287378644528,9.328906157254433,-19.977415345662397,-100.3166378263506,5.768015669071574,21.95763320427671,90.6954090694145,-17.484392179569394,-16.349499735681864,98.60844255894725,-3.1633709411853377,24.372312282884735
185,-45.99642677827063,7.696593416464672,0.4901071677104011,-55.07834769489334,-8.680525202617646,0.7505841745413124,-82.74265965720336,10.583547719423338,-14.536601230955139,-100.66341513336569,5.989428919629731,19.639714866147344,88.67500428385627,-17.35257893862612,-10.144545910655832,98.9575193942935,-3.4110619368585633,20.69446458931245
186,-47.93242250482857,8.010493712771332,0.4951671365864988,-56.909670178813165,-9.072926183634197,0.9514262477031143,-85.14803219829076,10.425277484293806,-11.678646280017709,-99.1667983216405,7.709458059175997,15.721496365546745,86.95840724020552,-17.427832514905987,-4.335574649303732,98.36053355491266,-3.730723455438991,16.554707758727712
187,-52.63778876805318,7.826430688924688,2.533444894537129,-59.064845129824924,-9.071326178162447,1.1929864458347852,-87.23991570234644,10.769875973098467,-8.473222410305286,-98.42882444873638,7.8765943162886405,12.388605915062108,85.84801386104682,-17.22833030719248,0.7710671411326648,96.09633611753296,-5.192555797974155,14.885166037588215
188,-57.86184865386625,7.298829731288238,3.100622385406133,-61.915941499020555,-8.779104184492478,0.8634944470834384,-89.66527112944199,11.102396618290516,-5.240888937664572,-96.8311070968845,7.3884015910909895,11.118197061475339,85.3936163420699,-17.6843222111942,4.391599179295647,95.59065087675032,-5.283212882693554,10.782522577367187
189,-63.33589979251453,6.224297645007348,4.366484193321938,-66.76975760073914,-7.801859284077184,3.3232876618033336,-91.43780987618099,10.777896917677873,-1.8082419922706379,-94.79664854346989,7.732785920396135,10.521995016037343,84.9937225748417,-17.829877350601567,7.292169936828106,94.4334582476224,-5.916253252345399,9.921007974997389
190,-68.10809369993932,5.094365581426517,6.493727687577,-69.7785370649716,-6.9487055523378904,3.9882022432259046,-93.24216164989768,10.808863953749723,1.5625925554159592,-93.59028587820058,8.114854238582984,9.881001114621812,84.6170661964003,-17.269707797586175,9.955485293573007,94.31487014454483,-5.964870828874889,8.926234168780232
191,-73.3620841747128,3.837433050809666,5.970147118214106,-74.46083839001533,-5.861580479053368,6.27366076598817,-95.23859491825587,9.754393774171614,4.88174476541283,-90.45580543544115,9.433419167175439,8.347807212367996,83.96684746700703,-17.138056031569057,12.595997147219878,92.87341720457539,-6.085956660310708,7.503660773156487
192,-78.63584586560063,2.964277550541524,5.704589022688458,-77.73431958697121,-5.419845345150976,5.466540976063439,-96.09607931879762,7.7561279454615075,8.187627538803506,-87.46598938607494,6.919884889982921,3.8598263234865344,83.0943136284327,-16.27292118476847,14.912606928038281,91.67058943830735,-5.958698696532814,3.218299766400116
193,-81.79769381968164,2.1061696749606966,5.897097839789861,-80.97778334210993,-4.7209788305292815,4.826287755512367,-96.60115993009059,5.83054534567652,11.245241936341092,-87.54834805293856,4.068790852239541,1.4951594643302244,82.32600685988088,-15.43321326548523,17.4078354687499,91.19107638644661,-6.361376825106462,2.164321735791486
194,-85.29322401509796,1.5912381103092343,3.8345870912823976,-84.15437160840868,-4.004873939902775,3.4320710024598933,-97.82625225823897,4.166202894405805,13.75741179471634,-87.37284345227127,5.4744681176099235,0.4441010107476305,81.80955474600543,-12.788544492569955,18.691151019226847,90.11458362493954,-5.781263406118487,-1.2123575355560294
195,-89.6850749147221,0.09866169148273052,4.319443996856439,-86.52118495693189,-2.722958952612483,3.3672779365156695,-98.7858168186777,3.7168542208273205,16.49268144870126,-85.39448598192843,8.101270823404576,-2.434639718871521,81.4508320528216,-11.379180433555105,19.572111336719768,88.90137651460464,-6.459708561954423,-3.6812096768433205
196,-91.48915371366246,-0.7771819016930562,2.8162949831976913,-88.19847059192527,-1.4142498004732076,3.3856802176927383,-98.75193350982657,2.516269725761059,17.667322441069018,-84.18904058036851,6.968582691154797,-5.96071526183316,81.85178574922872,-10.669026883732753,19.01590936975773,87.93485245797018,-5.865696386722638,-3.8681632077613357
197,-92.92656955711303,-0.6755355751446347,3.218938686914242,-89.41524843236273,-1.3645939176010542,2.5024205352186217,-98.6698776236353,2.2336497448482966,18.450336796743127,-84.83044945849127,7.176363711578072,-8.034423409088166,82.02005565630823,-10.862690884563104,18.91898935746846,88.75783441023478,-6.948039956988295,-3.1145988658800445
198,-94.4454928588895,-0.4259403327724082,4.386737982266576,-90.70927024683243,-1.5410577768325329,2.752712265716921,-98.68114728069102,2.3154701134010454,18.431077104253013,-84.61288307561185,7.318104573073089,-10.700637779526215,82.37266247309667,-9.225385360848996,18.66097953892789,89.63830921154602,-5.909012235334235,-3.9222748593530823
199,-94.22939285936813,0.09214706418331603,3.4086180104490302,-91.56504258203866,-2.1890746883313486,2.581172981133557,-98.39400151740256,1.798184582229419,16.981781016989107,-84.08982599625618,5.401970231525964,-12.393441749715631,82.46785916808857,-7.485530545839334,18.14480756410178,88.53363000669532,-4.480880777556285,-3.8018851259496413
200,-93.46715530169236,0.8608556361350719,4.943477865023821,-91.74893716479276,-3.234684265129605,3.7249288036581594,-97.66614091638765,0.9909217693495007,15.279374300476727,-84.95333195298934,4.2842985248463945,-10.370362511911107,83.0535345085838,-7.174097016199534,17.102065188683326,89.29526357108593,-4.631529410301378,-3.0870905920073577
201,-92.38746743056375,1.9972059617293292,3.922862136178534,-92.97905430803249,-3.975581645987899,1.6450192593641961,-96.96904036803714,0.539501152605563,13.936563672483304,-85.4522870644475,4.177652089153083,-8.465878489566501,83.62415708744545,-8.088645123777676,15.659334916528804,89.86119737655129,-5.261651460263088,-2.217806402844817
202,-92.18334388024527,2.527394152443157,1.3840126679598317,-93.3945263822801,-3.621640102545395,-0.8983228795576792,-95.9350402703282,-0.6018792766454748,12.926827706612594,-86.76321182528771,2.342161266971063,-7.560783930508076,84.04383722057362,-8.273555738128339,14.313990624712721,90.33876407579976,-5.090558945512489,-1.4317679448148035
203,-93.79273562499243,2.5274633366764343,0.5268249825270067,-94.10937146456729,-3.1738218992171285,0.14820812234881345,-95.18073018653405,-1.3898174107235712,11.504565504881713,-88.18962594438122,2.354536282951335,-6.966875951601311,84.49229848361625,-8.669851288986235,12.943139237403727,89.6832522717968,-6.312111377677649,-2.762567703841255
204,-92.9985608610759,2.519154233495486,-0.8414759113087191,-93.5673803357854,-3.196886884033696,0.9258339568737157,-94.82553084877561,-1.3093816300577859,10.245050955314694,-88.73676064433441,1.985430688253909,-5.646742420650388,85.19867040365979,-8.867922573824496,11.46293262924323,89.35750788675472,-6.139097219182791,-4.751010541655271
205,-92.32370176823052,2.383535551893233,0.048626326725636465,-94.97749837610013,-3.034256755974796,1.3019789471832726,-94.37479402612644,-1.5992566464817703,8.585462464525246,-87.84922964482466,1.9630656318142312,-6.579990565444413,85.97561464522975,-8.552481913941962,9.832109483756827,90.46374587674019,-5.986015436706643,-5.0761552476093055
206,-92.7221775256235,2.3819937122019357,1.8145474187917146,-94.71068468457413,-3.086518812845296,2.8643628540573216,-93.94063283188964,-1.5916474008703199,7.3000935666754625,-88.06830954474538,2.1829192716230823,-5.199562799532112,86.81194545501037,-8.290515654346684,8.655308788466627,90.26955710182847,-5.513494115165406,-3.6478766796126703
207,-91.91771743339753,2.769499294381907,2.2783427523538635,-94.13816096739905,-3.6079056131049816,2.031250720471579,-93.61492236672036,-1.449711969235014,5.819034842825496,-89.07854241333943,2.38011102505101,-5.864856520582246,87.41944145427023,-7.795803784535717,7.31347325100553,89.22501720175777,-5.155500113496475,-4.475421420150623
208,-93.34054598138142,3.1926888850359347,2.3030244413371874,-95.19694534120657,-4.08442168519919,1.048881551473925,-92.71271871761454,-1.2582148753441529,4.74991392720736,-88.05484780609507,2.509275589352972,-5.3890664376689426,88.30147230304969,-7.9735228496708785,6.038289512833308,90.30914031573032,-5.2327387437708275,-3.6681550930173654
209,-93.53085878165408,3.622792919252122,0.8105336789281862,-94.33061136868588,-4.514481088861389,0.8322830770684395,-91.61526505509615,-0.9095532170231402,4.092912303440161,-88.117250972888,2.5316097643757165,-3.8943725347342903,88.97944052839179,-7.869150586530446,4.626056780307411,89.194765344144,-4.97027934610444,-3.557907703261893
210,-93.24455127283586,3.944036740204158,2.2635562817377695,-93.84167569768026,-4.803376056266466,2.1271519178271174,-91.10848377183633,-0.2265715121703903,2.1831287955844942,-88.09764209439759,2.616187913172007,-5.312144698588195,89.69679277357834,-7.725545284915621,3.270538422583758,90.25941537814695,-4.7733518628271465,-3.368469891331601
211,-92.79599869942197,4.265434905899408,0.7877556386463086,-94.75414340687145,-5.0680868924515705,1.0212510193321187,-91.48900009943935,-0.24295261335805657,3.725409401793504,-88.40387790873962,2.0344451460027995,-3.728845544709171,90.2203618773238,-7.387798989034751,1.9247250746865678,89.04416551292427,-4.580745157226877,-3.6655541639704166
212,-94.15468654903898,4.447701888717293,0.131770630598111,-95.14140659687266,-5.130543293223425,-0.7761967048818631,-91.11297966191633,0.8530491132185134,1.9806503267602096,-89.02583973974029,2.3460421940504967,-4.866533804167568,89.76144375215347,-7.163919507681428,0.6809606824842767,89.87584692971697,-4.561331916311362,-4.337893800709659
213,-93.31181914848956,4.579700177894528,0.24972712624654392,-94.53698947179255,-5.131728003320055,0.22476829327370224,-92.09361963465071,1.0721535675527365,1.2866050388446109,-89.22752180293116,2.359547766394299,-3.2571446459083093,90.66344518182233,-7.000107797747373,1.5211300492326143,89.57393869645448,-4.2632874217545025,-2.748756165555046
214,-94.24514858586595,4.624337153593275,1.4088403947064194,-93.42218709951459,-5.154833086966632,0.1004881763515573,-90.79793633842517,1.3503736072615513,1.4060826452853241,-89.14326930600664,2.049310802736041,-4.715183885309102,89.83951378689731,-6.828869106897595,0.5789672491144647,89.89306309664687,-4.268975720253309,-4.07265230179785
215,-93.09300173644311,4.713429649097312,0.7899117002076741,-93.94631514500314,-5.1487360762897305,1.3257891533112836,-91.10722484485972,1.4012791107191018,3.0849077503121816,-89.04566441864466,2.202768964999082,-2.985297081462958,90.56716316588766,-6.805957133129565,1.8651463201521996,89.5676111638051,-3.9148911899126517,-2.582875087562157
216,-92.30570345873649,4.856097254657848,-0.9290024285859299,-94.1955005915249,-5.101222190797067,-0.4660891310074662,-91.18005804907077,1.651020279507031,1.5403931339166297,-89.58349256945746,1.8986294740063812,-4.321664002697681,90.25997360077895,-6.732892154241313,0.6291310023706133,89.17589378860811,-3.9820473706316655,-4.089673587873892
217,-93.14366611197453,4.982546944332597,0.31888531921394125,-94.25465164320991,-5.206879466945229,0.9985239249401285,-91.55163956056661,1.6205224758560846,3.288072468044677,-88.79624348975015,2.1223021077092277,-5.586356191818814,90.67298855819215,-6.6259122584056005,2.348435775476597,89.46566203598255,-3.64480013549739,-2.6859627437961353
218,-92.80515846629324,5.2612816515735,-1.3289263964537714,-93.23069174812788,-5.465350886784137,-0.21102049736840364,-90.83944869720312,1.8322980151646273,1.989065402755921,-88.45778422657703,1.9653493205240788,-4.024894490183368,90.23500568733456,-6.3481959808948325,1.1663208063267936,88.77430555521076,-3.5246242461680253,-4.006611816448355
219,-93.00657475739214,5.461330335511912,0.3446191785668339,-94.3253870119677,-5.664770107327828,0.46151333587709426,-91.94409983399176,1.6655624342884923,1.958519212377046,-89.23626122461862,1.939381008583648,-5.0570695611953145,91.13268450983202,-6.336250424338353,2.181511847948016,89.2494642476161,-3.334657162191565,-2.5642221717133045
220,-92.56496116218736,5.72322170360264,-1.2567474485862737,-94.71990970203709,-5.782320627948603,-0.9840258059904236,-91.41726820391803,1.6704057315541094,3.6259669082897683,-88.86254628841237,1.9993661805679896,-3.6384327122708227,90.40931289690546,-6.3759009243462215,1.1510705799748007,89.21431554499932,-3.460830654172459,-4.130133380424692
221,-92.3424529505696,5.834229807013373,0.29670633256590845,-93.77302220944874,-5.9084607628913215,-0.287082934431959,-90.7370231944765,1.6557631662214436,2.2661775592764237,-88.6617275542108,1.8211980650658817,-5.279447829281197,91.56177406718449,-6.254640401334167,0.8536543389989826,89.3629899612008,-3.2336166333994925,-2.5275722738315953
222,-93.30404935456949,5.869394001051176,-0.5073830070422416,-94.3511912931477,-5.884149648788206,1.2708680554085026,-91.91991148741006,1.8131874664714027,2.501269879518188,-89.48912959833379,2.151543948524903,-4.193466838508171,90.45302960600975,-6.167803686672016,1.7594824714981876,89.58397652465462,-3.274718672999617,-4.099091138251564
223,-92.32534843304522,6.0548816469048985,0.161412750286732,-93.87956936724605,-6.033829609211228,-0.4217094806236233,-90.73807869089305,1.9631261794160206,2.155472028375204,-88.35908487998597,2.1828031863454935,-3.9275127381347366,90.21568937843062,-5.998063994543365,0.16620899236905004,90.11215003849694,-3.172127334975705,-5.357516349494871
224,-93.01179263046743,6.173611853338841,-1.0003620463365683,-94.1323529816632,-6.13879655164099,1.1687554492969319,-91.91147390856645,2.0106803109190006,2.6472005616948397,-89.29508512546113,2.074807709771213,-2.916502590437944,91.03416637307961,-5.899750474230332,1.2367334699527215,90.09097018701397,-3.1110572230978026,-3.702652777567158
225,-93.99841084699212,6.2683102064341245,0.3044302488931392,-94.8779969189341,-6.231464168007114,-0.047043390893865,-90.74009275823742,2.0144909988062696,2.6856417681008096,-88.34997403670282,2.2098951751931653,-4.033374212891191,89.90110756424069,-5.917784376135367,1.3070997290762238,88.99490161859119,-2.9430200824054253,-3.114729381607934
226,-93.2890715760865,6.249549803002142,-1.0955709867823384,-93.87568060486097,-6.255136674336642,-0.7578830010658034,-91.91431597007514,2.1529521150882536,3.1350574429182356,-89.30923778232771,2.1874921957986952,-3.095133965194169,91.04262358805602,-5.841179320942221,1.1475923205001337,89.34173982227776,-2.910954388219814,-1.5587410469081902
227,-93.54369996220562,6.186483891063669,0.49605545348391467,-93.81887896908192,-6.183932876448072,0.8714526566437358,-91.1197484910382,2.1858574801453905,1.8332824643849799,-88.7459081808906,2.279813983771883,-4.476969108587909,89.86687584711078,-5.8326718835584925,1.373321926377161,89.41271586002638,-2.8626595473849945,-3.19641135350576
228,-92.55490130428228,6.155583348686676,-0.6842928340258981,-94.16680102151082,-6.2228940793258705,-0.5725674213392484,-90.52898354003388,2.2176121373338815,3.2106422093185905,-88.97073611545929,2.2913632520387597,-2.780705163147376,90.94277276077827,-5.872190763149619,0.7436568493310624,90.10373086118135,-2.986646213892704,-1.7760990519361413
229,-93.04110734223711,6.0757161583281585,0.8104931922991195,-92.92445624057214,-6.065602536803799,-0.5772539776365745,-91.4011614144369,2.0862805560685316,2.259667614978319,-87.96053559428613,1.9449179607074765,-3.6256494219787045,89.94075807716497,-5.850744530654527,1.6866290072070127,89.50266039204311,-2.86547888306679,-3.203095295372171
230,-92.58385704500155,5.9663515760909585,-0.7808510935276493,-94.08632552518358,-5.926570083176096,-0.005492041390914144,-91.10326704262103,1.9416274195108265,3.993515739628653,-89.03368421174083,1.9820833696956222,-3.902076995887657,91.14541962291827,-5.978739874153694,1.1143467336541522,89.53414047852799,-2.9450726560600753,-1.5194362949565292
231,-93.73331491942166,5.810674656526015,0.07307274260166226,-94.08376185931462,-5.832947136086568,-1.5552894336192469,-91.10762926821045,1.967503691288398,2.3737650869140356,-88.33396339100955,1.8541026796467182,-5.288275678470437,89.95165462110442,-5.967739943355873,1.0380547314335529,89.11939778747421,-2.9683692938471467,-3.051649367278834
232,-92.60608380276737,5.667080843316342,-0.13475739275001714,-94.26234682332147,-5.710980035767494,0.21283073804791067,-92.18943032574865,1.8359536998173411,2.901203918960139,-88.67434619610307,1.902061336289116,-3.6955224850784263,90.80089258236768,-6.016470713588604,1.9857034893186278,90.0240752947139,-2.942528912995948,-1.9573270542297527
233,-93.79054309819047,5.641833540206692,0.38854176528983586,-93.20407346232379,-5.693811312350832,-0.2131505344741892,-91.0223828596082,1.8970229569126218,2.63444167555329,-88.13920992822473,1.846751046217478,-2.2623323292535793,90.26970112597542,-5.956084602106109,0.6043936178949657,89.26117541764992,-2.9300071868966793,-3.120711753181965
234,-92.6493626419417,5.5914682974611605,0.39327577316555024,-94.19168327315255,-5.664334388191742,1.0686394091477347,-90.20639598453964,1.8624274225389077,1.3056069842383016,-88.16812015278985,1.810316056784081,-3.8341580090773784,90.90413318505105,-5.868420428830224,1.7456476411775788,89.75230547680474,-2.7911467648477126,-1.633288698133546
235,-93.6376211165157,5.625733845174979,-0.12338484087936046,-94.16017316571578,-5.6809544309963,-0.5051426884339454,-91.08605746818404,1.9077003982987908,2.49099717964458,-88.956114553736,1.9244968278047343,-2.686248290252859,90.4851674068071,-5.725349958680089,0.24227044579957477,89.87892922341294,-2.7949576297401912,-3.2578266656438
236,-92.54815685012933,5.677127897530087,0.32275803029968014,-94.20912983503894,-5.739014200516619,1.1767757114659543,-89.89758754184638,1.9311551736136476,2.3724435617233257,-88.16266766937808,1.7593588095893602,-3.918226606740157,90.75730951739133,-5.726518316252417,1.7740065518102326,89.43896089242102,-2.7631003020691343,-1.855249300919329
237,-93.17879050078422,5.745541033951175,-0.8995760522735466,-94.50712845684433,-5.745348219575695,-0.312664665594178,-91.05749317002832,1.9274185158385477,2.3887186121286517,-88.80470910559576,1.8767489092197254,-5.253823296395958,90.24530924736729,-5.766929850383084,0.3396283881545549,89.26324451551358,-2.7584287711293216,-3.569596928629702
238,-92.21534378987376,5.810434044443095,0.024588034550548903,-93.36165796434537,-5.794362178739376,0.003052504297094525,-91.67728519527236,1.9030277710376342,3.7153665823622717,-88.69407095505336,1.787455579937957,-3.669168632698972,90.56579477387429,-5.79185694261188,1.7278827703252262,89.22265919114157,-2.839681833251885,-2.017301836925738
239,-93.30749815303633,5.824403061956497,0.1058937473545785,-94.49043754244995,-5.782951641905233,0.4483436539576006,-91.09861391655974,1.9328759632093477,2.2225720041377164,-89.71151162219283,1.945084665012838,-4.402192863829067,91.2723570986508,-5.791101850644834,0.2538749911913361,90.245942271097,-2.872499714814549,-2.8989562924330188
240,-92.0641453595447,5.801498791605567,-0.428462812902699,-93.36793513146131,-5.80287108202626,-0.22398695598326077,-91.67359498313718,1.940251691211416,3.625588448793934,-88.68603719044248,1.8228267895436627,-3.756672371228964,90.35780258999439,-5.774274678287814,1.4002693431153537,89.24270644289211,-2.8705613461705237,-3.7873132114989736
241,-92.73602281226668,5.7081661922137705,1.0891774537688295,-94.58885777327485,-5.7775884271988645,0.2079419254044239,-91.03807900697457,2.0098247704039105,2.129691609778216,-88.39125430381576,1.8915567813855108,-5.373654399298407,91.42819192025767,-5.789268325934416,0.5065812169729905,90.1800815741552,-2.9236140422243277,-2.7655088632306026
242,-93.11254391013625,5.649936016289657,-0.3691670560713705,-93.82454875256435,-5.749748490749459,1.2595593460076233,-92.17403900037026,1.9706548520179277,2.486362089168881,-88.155652534902,1.8829302229824982,-3.8389658493766325,90.30351583033229,-5.755075541804181,1.2244760113840336,89.07955725925859,-2.9951121347511798,-3.2672802815907516
243,-94.15518747278169,5.622835064756783,0.6788191521803858,-94.15189921569062,-5.76166879257327,-0.18519014115030757,-90.9624781141822,1.8559612971260946,2.0356876837932725,-88.946921811518,1.957921151791676,-4.998846945286612,91.40401582944638,-5.8588540174296355,0.4573048314436,89.73786878874678,-3.2271444292060436,-1.8632073462181318
244,-93.10730345770868,5.544088782046719,-0.24752603522716424,-94.52130088283785,-5.594243778713452,1.4362844986377363,-90.74886223994929,1.8696945317420826,3.6305816340784935,-89.30392814755714,1.8748701346462526,-3.430047834473942,90.65182295868368,-5.962394668258425,1.7338979684953486,88.93603857648542,-3.3044238424715435,-3.157271745557142
245,-93.50007641035732,5.438847406467,1.3626928135537435,-93.89710823556953,-5.5082223417655305,-0.0716311043489081,-91.0125605843436,1.7560818364985444,2.046407088880754,-88.96084517995786,1.7255690414887837,-5.026129411815398,90.95135705625444,-6.009811808463463,-0.027486661100883526,89.8520540783802,-3.451495796485908,-4.172261178159971
246,-93.14917690407499,5.250366982532164,-0.2625474524151107,-94.77682247977332,-5.318103696442467,1.098412551360061,-92.12218618183589,1.6085585992955527,2.1561453332175717,-88.11788069422252,1.693151971608675,-3.9347106123125983,90.72151105494503,-6.100796981626871,1.5416537206135352,89.90925798122878,-3.505956195298687,-2.598719793241359
247,-93.17036262487036,5.10729426622629,1.3183926696362538,-94.157222568181,-5.180579496398047,-0.40028926559111583,-90.9287342339228,1.6196840685521827,2.294293330112009,-89.19602088939372,1.6497720369383775,-3.4275757301113927,91.0093174313963,-6.1402704944596564,-0.18024222973808796,90.37542504414475,-3.615585667449679,-4.076176654198394
248,-93.86390872720956,4.956339487229337,-0.003570813050815776,-94.8334438006135,-5.051482183849722,1.077845204709203,-92.02201782931797,1.4392938137310605,1.9909370762902412,-88.45076934982822,1.6459531587260043,-4.670335978143173,90.75759235646196,-6.269043494102691,1.384670566876415,89.57511074275165,-3.635467623924579,-3.0365194868447722
249,-92.87229363494005,4.7936304816342155,-1.051740940273565,-93.91275290170995,-4.905836823411693,-0.14328926967207056,-90.96837639746704,1.4981161091367,2.6767919650463687,-89.01706975739934,1.551853261738092,-3.2142519499345594,89.82761753347728,-6.4065492118264125,0.5023870224472587,90.62532638785436,-3.8520611755436116,-3.6009427287379325
250,-93.77416695818077,4.6455608403681845,0.09210951945107342,-94.74793080087144,-4.741138005725886,1.052296981877954,-91.43355853540999,1.3791544847433261,1.2061151542600967,-88.77076659393451,1.547178305842889,-4.794946985162818,90.88844915376364,-6.579330079872066,0.9916725886215427,89.52357459459081,-3.912483429605747,-3.1621329766367134
251,-92.6463960586778,4.5323533468554835,0.4033043502667692,-94.73535330456606,-4.666653738631282,-0.5524443206209152,-91.40624277274732,1.4571131133185389,2.889232958677267,-89.02644104182285,1.6407175322223728,-3.196046105433911,90.36727388220007,-6.700216896980218,2.5538787081267684,89.65880545711049,-4.14077203654598,-1.5342153791140316
252,-93.75312300866126,4.427011135764011,0.09021073832381331,-93.6380090297872,-4.614854028502653,0.11971070077864857,-90.74271855761164,1.527460705435614,1.479632455844576,-89.11254449452865,1.6727878607605113,-4.817022879468638,90.49911994522064,-6.764304040954391,0.8726180626755624,89.59557838364313,-4.0437294254907625,-3.2429296687112306
253,-94.72983976704899,4.358344696235351,-0.625128731877543,-94.32997219845156,-4.552073738006098,1.5447041023024977,-91.66477770777338,1.517942713128354,2.628439098087575,-88.95308534658126,1.7709971776525706,-3.1759428985749465,91.49406270183802,-6.921897227091464,1.3698927969723165,90.61642437192836,-4.324036806431228,-2.2552117128900084
254,-93.75347658662596,4.286485131851168,0.14272701786037542,-94.20921573978939,-4.476731640989703,-0.09988481727813509,-90.58325269121744,1.4903292278407507,1.8348259352112508,-88.71281234922574,1.6661589719126622,-4.788791073624934,90.31177391187207,-7.038429541267035,1.590081041271687,89.77084169909887,-4.278606137046495,-3.584602101838533
255,-94.62433107610563,4.232090466372092,1.29858085016908,-94.86265708992632,-4.408152096649929,1.2945520180421717,-91.69939613046407,1.414861648459731,2.3101479529180327,-89.11228417496957,1.7767815147776025,-3.1811660773209987,91.32553182075772,-7.143835402405772,0.5480821030675128,90.25477360993429,-4.465565046123016,-4.988552761027374
256,-93.52400971475451,4.125691416861737,0.39905434563215336,-93.66523307199573,-4.324546057859666,0.560995308418818,-90.66705391130377,1.5522063615205293,2.975074554989192,-88.31803192465992,1.7035192549749754,-4.5088519428548715,90.43130149418221,-7.263541026243738,1.8559399448213283,89.50678035198187,-4.418702082748635,-3.8028476083541545
257,-92.5359323378456,4.076163248213933,-0.767900415625198,-94.62301320555952,-4.268636113534114,-0.11378070489468751,-91.53186904704933,1.5810052071643816,1.9631999743150235,-89.39538804821247,1.9123709739598334,-3.9241411193961704,90.76648415120631,-7.271126187411707,0.22809103159257793,89.13746384625092,-4.446068452296851,-2.2673547863754537
258,-93.50223788627405,3.968828543962896,0.12966293318583821,-93.69936272308462,-4.211394831768642,0.7475814029814685,-91.20439642995892,1.806090822974598,3.5516749459353996,-88.59433089450351,1.99785241550802,-2.698039973383111,90.31774630510594,-7.286006728725456,1.9162299512775696,89.70239274946256,-4.317031747334567,-3.5323726411459235
259,-92.34403341976757,3.9299915055503347,0.40960211273037744,-94.49012416255663,-4.199522500499224,-0.2902532799844429,-91.20475082715365,1.8888056319414515,1.9271262894154964,-89.00218509111329,2.2841158164160342,-4.066053610895985,91.04528230489224,-7.269963273052532,0.5515714079937184,88.58831916972244,-4.2237271731669015,-4.094584931338166
260,-93.46957133765736,3.873153470505211,0.2590858651461286,-93.7013820773451,-4.175452475399644,0.8052095916961208,-91.48173385808983,2.0292335108063653,3.622087202157315,-89.30328052515677,2.3633969572682303,-5.556097235090215,90.08909392148128,-7.240118028992754,1.8793978593676692,89.44255094596322,-4.1834161089491575,-2.8928451863027056
261,-92.63828458217148,3.866369841324473,-1.0119917630874191,-94.16006095926564,-4.209568993650236,-0.6320159083886638,-90.98245875113416,2.104504251834729,2.103609374085628,-88.79565598892191,2.525278707336873,-4.005638191302725,91.05352290475413,-7.226814239059743,0.8854622783432858,89.9763934819587,-4.152863453446911,-4.206179289668575
262,-93.27725349398155,3.89967200780703,0.4229113558911792,-93.74946551651315,-4.268533768334991,0.8017287327662642,-91.50462310030565,2.222978822227128,3.716441418024853,-87.63435803499195,2.4967171984629695,-3.5064724706741424,90.01794214059736,-7.205585451115056,2.0480970975118127,89.3376219107149,-4.035890162933016,-2.8401564077432937
263,-93.50852529961631,3.9957303159758886,-1.155684945432128,-94.29916226447479,-4.394311374842361,-0.6180741930973424,-91.0871061798494,2.4121953050568283,2.1922885950454347,-88.5188566125453,2.7718284374419233,-4.246142212113934,90.97721177638684,-7.107680578777456,1.0157514022843552,90.10598880224539,-3.911896829041657,-3.933140932406242
264,-93.18689862506429,4.03486766555237,0.34865590542319624,-93.32432503514514,-4.422730372049725,0.17523111035853536,-91.06083671488891,2.63483529858224,3.8622880346415367,-89.307037151716,2.966717393592605,-3.010127513845233,90.07102194137404,-6.99326879340934,2.416414205597092,89.5283782665783,-3.729346815287485,-2.4992538816715206
265,-92.36056094156794,4.139690952547868,-0.9247645471633871,-94.30327478312267,-4.540867579307013,-0.6727469320749895,-91.51590450791659,2.8023937911891785,2.432089921049146,-88.04440197178042,3.031877077798172,-3.2111113865470475,90.76559572265745,-6.889151101094235,1.082169329717939,89.36011287703107,-3.625618898037155,-4.078884274586642
266,-93.49738320113444,4.166474078123021,-0.3839770524526704,-93.59769236734297,-4.566050133871831,0.49959888755030185,-90.34696167372759,2.916923278162733,2.2260733863991837,-88.13912269328308,3.1628707907261973,-4.75180505550384,90.13170294358109,-6.861400913548818,2.6657767219411155,90.06675827537586,-3.6185548519634345,-2.6680127644624148
267,-92.35582698031581,4.18301611316708,-0.23139376131615846,-93.7437841649463,-4.6261138595791325,-1.0780841256545641,-91.49975243175155,3.021475189426313,2.79528544079867,-88.15637686138474,3.286630772194724,-3.0921768947576354,90.62788577736511,-6.80932737021843,1.1467622510904907,89.08068743509091,-3.495624488805275,-1.8145941150914096
268,-93.54852374857556,4.2095612499143344,-0.46497949882958167,-93.7053003429182,-4.680629430068951,0.5845989218697001,-90.5521132038853,3.1425141474807665,1.7260876332993706,-88.22254632662151,3.3937758211732807,-4.637211952873297,91.44108693123573,-6.787758237443632,2.171073666995439,90.13604430057168,-3.4693839773701685,-2.200920555436084
269,-93.14591682798459,4.099310223118768,-1.927135064313819,-94.5077784382442,-4.654312694882543,-0.4160779593722495,-91.43424183402583,3.210936098215205,2.946672229580445,-88.98097663806014,3.4368635402588326,-3.3739542994738727,90.73965889885247,-6.791893403847206,1.052580599440334,89.51199717286347,-3.430379073387841,-3.6417414544212927
270,-93.61592867297624,3.9528138940327504,-0.28513248738773656,-93.38968621415971,-4.597628865841723,0.043759025813430184,-90.91695800218793,3.1986845628561933,1.4244111872672027,-88.15465116077758,3.4599721415262885,-4.574825369627802,91.82966581730992,-6.885434498447286,1.251005556007122,89.75863245565918,-3.505528496507916,-2.006612426206236
271,-92.5453665503041,3.6575584252745137,0.6101911667997573,-94.19132208227086,-4.36252819242294,1.3576204852687923,-91.20717983010296,3.1653344575457742,3.0931499055028526,-87.89985554664473,3.35020160058222,-2.980737266478374,90.6509609838497,-6.9569258261637765,1.4116791771478083,89.93103974845103,-3.4804766860491645,-3.583980596364475
272,-93.44044921729707,3.3061973184995823,0.0008966154483332133,-94.33547148161308,-4.103570912683194,-0.09703798797868358,-91.31206184138304,3.1189314022304595,1.5566058554297804,-88.1781204000976,3.291263771439027,-4.484442704905944,91.50925433807548,-7.0043250861277615,0.17523596900731783,89.70707470019569,-3.508507044120888,-1.9741284991268246
273,-92.34643614131662,2.910280853269991,0.8592593236547372,-94.14329473419755,-3.7796855114028056,1.6844526709480812,-91.28378694679172,3.073242235617554,3.269392180785309,-87.69015702266536,3.2546516338954494,-3.028392699915624,90.56357432655085,-7.068833468645681,1.5000868972918149,90.32779891576277,-3.5103279266260317,-3.2863566341476127
274,-93.3532653047532,2.596292070380063,0.6409174374207779,-94.25129575862499,-3.5733108565254295,0.21090445144995187,-91.01276070305036,3.024641612503195,1.7549958606965006,-88.53045712426136,3.1529634021008284,-3.993317833230292,90.7301694965185,-7.272038617886956,-0.1026947167664055,89.14223854616,-3.569053705765436,-3.146673185517997
275,-92.114131585093,2.309928207147953,0.7635688594490492,-93.20294079560915,-3.3224605286832523,1.1048446490952053,-91.29092764735303,2.833607495858743,3.4162882966625494,-87.42030764229379,2.9592150831091772,-3.4080176974781398,90.90648374522308,-7.464541047464788,1.5107681148761554,89.72474419802921,-3.6443861934869006,-1.6958158087818616
276,-93.02049758368878,2.111142146794673,-0.15692996604321102,-94.29636054865273,-3.0798491745564958,0.9524045167980998,-90.71172839102755,2.8671685283378503,2.0372177119267487,-88.5147515775768,2.8837936261805903,-3.344322127804697,90.11491342736647,-7.577597056845956,0.5135285728134215,89.43570318262645,-3.66902483115752,-3.323954312094063
277,-92.71849356299798,1.8730682556088427,1.3853451971932258,-93.11023263899637,-2.9363948067322836,0.894526036972882,-90.84222652408364,2.645669541990949,3.6996502431024325,-88.19733741526615,2.697362794792635,-4.8836315435986215,90.9376153693743,-7.674689906763439,1.4841750932245423,89.47958942572475,-3.6976405855444314,-1.7079574225256273
278,-93.26843027693012,1.698355643053721,-0.09937655797409703,-94.21556553777616,-2.7377318279354617,1.0246077525017188,-91.51522117320947,2.573894568489265,2.566408016215305,-87.61924698836565,2.566165760002612,-3.409861429110986,89.97091896637276,-7.686398970204559,0.7706948335449131,89.29974517592767,-3.6657065048047395,-3.349649205538613
279,-92.35751723310307,1.6322645496002468,0.8100689737112964,-93.07161121482449,-2.7037320081622234,0.4052591645043632,-90.59671021893438,2.5810435081216605,3.6201214756594804,-88.58598204534347,2.662361606321592,-2.4320155149577856,91.1065709208835,-7.79367803845138,0.9574956494395892,90.0798835272014,-3.778576821059792,-1.9677219312989467
280,-93.4189797092137,1.5306166229341338,0.03650105071077197,-94.15182337536883,-2.589858495068067,0.9614373473717999,-91.34162880983695,2.5428349624279183,2.4430698621006086,-87.69165912775897,2.661289098951624,-3.516543178481598,90.02082229398987,-7.784039179519277,1.8899291010084516,88.99398398621875,-3.706579601150522,-2.723922781685189
281,-92.53108558916993,1.5412107238864725,0.9290544579951958,-93.67300308002989,-2.6014466122619586,-0.6072694483855438,-90.70610610896901,2.6652375443131486,3.788115323156044,-87.32166439458881,2.6198860354479043,-1.9628830576990115,90.9909784024791,-7.720195129639212,0.7396521287002734,90.13010837497401,-3.760654752776179,-2.378485257269369
282,-93.57909249615716,1.486848797249239,0.0038692446711995113,-93.94974108167803,-2.578884352128091,0.9597728333380963,-91.28911545826652,2.5801184642498716,2.4604775074631133,-87.5890677239406,2.65789254542482,-3.483765365487038,90.88983668224611,-7.748752390194599,2.3737554218656958,89.04579871115445,-3.6550856045102385,-1.9235360169202607
283,-92.50779472219881,1.4881091868184706,-0.6474618578928751,-94.26225235946836,-2.5554338856328678,-0.649456379725975,-90.67658771534632,2.6931967340541574,3.831429363068464,-88.70118021868689,2.8024491010873542,-3.0825367100547076,90.79757416418661,-7.748366843796473,0.7980304086274476,89.5759661434844,-3.754207724503092,-3.2825532783458375
284,-93.34606224198718,1.4832476103464225,0.5199004835156986,-94.12831730677675,-2.5684940476186657,0.9195411144085464,-91.08486310933863,2.6792709291980965,2.338124246910789,-87.56223003859314,2.8127867999504086,-3.5644710595934725,90.65032834114963,-7.7580847894949185,2.417400758910774,89.91860949911592,-3.741454636796265,-1.6697031191971514
285,-93.12247620742698,1.4997309817604885,-1.0851459896510034,-93.67856726741502,-2.5739312964101817,-0.6187167291323729,-91.09090607301304,2.79127777616193,4.005418052197811,-88.6539175360759,2.905363780210638,-3.00132458653443,90.6293884641929,-7.71608479552629,0.8537911984805593,89.87584612639372,-3.7271842525225036,-3.2837032790449583
286,-92.94209869666439,1.4990923749150138,0.49989097399045856,-93.96072392479616,-2.5447406370885393,1.0007088699469593,-91.27536616175789,2.8838760281522147,2.4386886737517193,-87.63704574874477,2.8877637508637095,-2.1814790400969186,90.19495351189289,-7.692980688157661,2.558491452220218,89.95654762183413,-3.7434880588955446,-1.615620424609344
287,-94.16214496526457,1.485921003775911,0.6773223298687943,-93.76434458375373,-2.592730578791445,-0.6075602196661526,-90.79760628001874,2.946066213194391,3.946436024512702,-88.05574266208029,2.97877869012078,-3.596976720788684,90.66455458601328,-7.796659075314466,0.9894726724587899,89.8573093550196,-3.7265984214200634,-3.2283056285262224
288,-93.04779396701899,1.5890505530901735,0.4729432216256292,-93.87831584606307,-2.6802163997130513,1.0260131006119375,-91.60963274480376,2.978827158388067,2.9177694754544956,-87.65916376561596,2.8764328084935444,-2.100781553012881,90.38475139435683,-7.7596913355333195,2.6895558246937075,88.89077848673797,-3.680807345633472,-2.420937676612159
289,-93.97567901689537,1.6496261384161441,-0.5255574680353313,-94.04755019345252,-2.719763056613969,-0.5795194530712429,-90.41268536785489,3.0452613094669356,2.821462936204582,-87.74653892253511,2.8966778999764577,-3.6412620994486837,90.85783113211473,-7.7888619123049665,1.0818163729509715,89.97731361358407,-3.6741977292959693,-2.6681463023356025
290,-93.29531621406113,1.765456709865013,0.8169441735964978,-94.02465388909766,-2.8041183118897157,1.059870519068365,-91.55251753303013,3.0889885418999126,3.3886447910302975,-88.25961736837722,2.937864924617329,-2.1781947988570773,89.65038163925512,-7.805534928344357,1.4175753147190966,89.04933443233864,-3.720775960390479,-1.75103782246772
291,-92.30734551039164,1.8395563857400843,-0.08796857938151605,-92.8812069199653,-2.912045005463086,0.4305786385934544,-90.44207221441069,3.199830894283117,2.6628274169182578,-87.90755254260456,2.913833638675888,-3.7316318638741106,90.79991123778119,-7.794843103564769,1.0309452548265396,89.09511760856265,-3.6248444625968226,-3.3591362106302864
292,-93.3940283597105,1.8901928206833796,0.43637101670509976,-94.01554224890099,-2.9593535461252256,0.5460720861970593,-91.57616496007185,3.2151557918473457,3.213179765388193,-88.21907578875661,2.954135710082143,-2.154738749505368,89.69568437990048,-7.827997955662766,1.8845739347712143,90.16684299973005,-3.6813797440119975,-2.60527780929117
293,-92.49436000829175,1.9529358018476874,-0.6440755751101848,-92.8768931597244,-3.0555501574969393,0.772915993771691,-90.42441726349767,3.349635876795856,3.0758789734126366,-87.74339633490976,2.911289695554353,-3.717879641718429,90.78501896900477,-7.778079825213632,1.0104308519736847,89.02506504266111,-3.5219180101334877,-2.507290649312824
294,-93.25054957147422,1.989486197782441,0.6532844827117199,-94.03163953206608,-3.0985469133555776,0.6069708315882945,-91.54613379939472,3.3574992506596315,2.7827637130872787,-87.81186513099517,2.9937287072777603,-2.035011387789061,90.4817741739416,-7.786531637154559,2.7208670920647604,90.14565344761547,-3.5595636812298883,-2.542473008099879
295,-93.17355890665758,1.991424013579609,-1.0160206127220726,-93.40280905821503,-3.062042826091327,-0.8578696567906351,-90.58745581988751,3.5663047814261146,3.6000064397251226,-87.52567961099896,2.923942873487879,-3.6360067011231862,90.63663732970916,-7.706432486002079,1.1073844410167863,89.15438866330578,-3.4958202301759185,-1.7717466743255312
296,-93.07788302394967,1.98321528200003,0.5986852472200181,-93.88464924090957,-3.0813373112860205,0.6971387756562506,-91.2207195305215,3.488808688049073,2.348667053506979,-88.53743059366829,3.0548559585675714,-4.1086139470252565,91.7664229538388,-7.749783542741843,0.5093702976333337,89.38934399211335,-3.5253708967895134,-3.3009185986944454
297,-93.29493160996472,1.975631024474401,-1.04690281466163,-93.62892036131629,-3.057749525694788,-0.9959733478929661,-91.20288373569686,3.524900821498173,4.030120901099002,-88.41295303957975,2.9425345211769534,-2.4645287586337994,90.63299016918538,-7.809569955992775,1.2094837085209391,90.10376218686288,-3.597269389301391,-1.878751882687143
298,-93.0069827702348,1.961258716823121,0.48185471848529365,-93.80381807461956,-3.04260915475151,0.6203436865663747,-90.71773699143381,3.5496699546223542,2.484963162435273,-88.11302400568695,2.9606873680121706,-4.0259380712250445,89.85475127224427,-7.8919243097811345,0.24147772734710038,88.93070001206145,-3.60045186080702,-2.2501352163046584
299,-93.98361297125038,1.9033177599242248,-0.39586101837986326,-94.97178699045561,-2.985585497324558,0.6052319667199302,-91.57229290072021,3.6056947764118794,3.785910587807923,-88.12345706755536,2.961024946786255,-2.3473454975210277,90.70043684222006,-7.901382618304752,1.157440182338448,89.97137340971759,-3.640587309832518,-2.7369367665870787
300,-92.9610327374911,1.8744125481974596,0.31130957385885893,-93.83619508986445,-2.9964643228790755,0.24749551084018515,-90.83098590934762,3.6845032256242636,2.493480533621576,-88.29180609119483,2.9635683796664263,-3.871109369015297,89.70351668347696,-7.882729180513156,0.6609384234810693,89.0404090112327,-3.605054114558585,-1.8066278112045275
301,-94.12496329017148,1.8467530201748963,0.39870233680584066,-94.01233830533405,-2.9549729064502905,1.8916265497852534,-91.77804242854161,3.7174494118092793,3.6069923449463333,-87.29630295601298,2.8901131506672693,-3.004386201532496,90.55888396315935,-7.93676655061657,1.5809729193380282,89.52010981161823,-3.6418766650287524,-3.186634224266013
302,-92.96675949772882,1.8619591458082814,0.2897697778397417,-93.59283802613886,-3.008745096399964,0.3360204487985333,-90.62707252924804,3.796653190667352,3.0768528349660884,-88.39289427826547,2.8745940942337227,-2.5721152230831663,90.88740444821302,-7.979438485767815,-0.016153173185574837,89.05093893753764,-3.597841944815854,-1.7023326612365126
303,-93.65780241947151,1.8880947376170212,1.6616397110561698,-94.47484609083163,-3.0339752880517543,1.5287618592059076,-91.75414086761506,3.758883348628598,3.338135364076297,-87.61702794874003,2.8096983579746984,-3.8490496369495353,90.59725254861964,-8.030100475786673,1.6975439051964467,89.69900455538038,-3.6039088025887467,-2.9500987089053754
304,-93.08107265146714,1.9666866706299637,0.21889579489744954,-93.61063622610024,-3.108148639749047,0.3768126948381163,-90.64817796730453,3.93673611335704,3.437276626647144,-88.20935644663159,2.7938256010775238,-2.4236022702976197,90.8629058393469,-7.99345345025308,0.11690675428377471,89.50045704122589,-3.520624060066244,-1.348517261102942
305,-93.05327305601445,2.057573399316972,-1.3781455158497122,-94.72072291202663,-3.1941206450248556,0.9383830979011716,-91.36071873326982,3.9609837177086957,2.245615450307148,-87.83656753242612,2.726205494808936,-3.980271619763478,90.11863995414866,-7.958682656160763,1.6476768755083933,89.22102086528051,-3.493536834052606,-2.998769849781051
306,-93.24697214352192,2.1596288360239995,0.21363328998895564,-93.58250654568151,-3.270864423003951,0.31285824163567066,-90.81781368779997,4.0369847794089475,3.6622539367096367,-87.22331412172782,2.6735922936798007,-2.613703232433609,91.16645162716492,-8.002717731710074,0.64676260286858,89.72837001140391,-3.5194119710731084,-1.4622911123420204
